|IAU_Name|ObjectName|RA_hhmmss|DEC_ddmmss|Redshift|RefStarRegFile|RefStarID|Rmag|Rmag_err|NoteIdx|Note
0|0219+428|3C66A|02 22 39.6|+43 02 08|0.444|RefStars_3C66A_fk5.reg|A|13.333|0.006999999999999999|1|recommend
1|0219+428|3C66A|02 22 39.6|+43 02 08|0.444|RefStars_3C66A_fk5.reg|B|14.232999999999999|0.006|1|recommend
2|0219+428|3C66A|02 22 39.6|+43 02 08|0.444|RefStars_3C66A_fk5.reg|C1|12.7|0.008|1|recommend
3|0219+428|3C66A|02 22 39.6|+43 02 08|0.444|RefStars_3C66A_fk5.reg|C2|13.581|0.009000000000000001|1|recommend
4|0235+164|AO0235+16|02 38 38.9|+16 36 59|0.94|RefStars_AO0235+16_fk5.reg|1|12.69|0.02|1|recommend
5|0235+164|AO0235+16|02 38 38.9|+16 36 59|0.94|RefStars_AO0235+16_fk5.reg|2|12.23|0.02|1|recommend
6|0235+164|AO0235+16|02 38 38.9|+16 36 59|0.94|RefStars_AO0235+16_fk5.reg|3|12.48|0.03|1|recommend
7|0235+164|AO0235+16|02 38 38.9|+16 36 59|0.94|RefStars_AO0235+16_fk5.reg|8|14.203|0.006|2|notRecommend
8|0235+164|AO0235+16|02 38 38.9|+16 36 59|0.94|RefStars_AO0235+16_fk5.reg|9|14.19|0.022000000000000002|2|notRecommend
9|0235+164|AO0235+16|02 38 38.9|+16 36 59|0.94|RefStars_AO0235+16_fk5.reg|10|15.743|0.024|2|notRecommend
10|0235+164|AO0235+16|02 38 38.9|+16 36 59|0.94|RefStars_AO0235+16_fk5.reg|11|13.589|0.013000000000000001|2|notRecommend
11|0716+714|S50716+71|07 21 53.4|+71 20 36|0.3|RefStars_S50716+71_fk5.reg|1|10.63|0.01|2|notRecommend
12|0716+714|S50716+71|07 21 53.4|+71 20 36|0.3|RefStars_S50716+71_fk5.reg|2|11.12|0.01|1|recommend
13|0716+714|S50716+71|07 21 53.4|+71 20 36|0.3|RefStars_S50716+71_fk5.reg|3|12.06|0.01|1|recommend
14|0716+714|S50716+71|07 21 53.4|+71 20 36|0.3|RefStars_S50716+71_fk5.reg|4|12.89|0.01|2|notRecommend
15|0716+714|S50716+71|07 21 53.4|+71 20 36|0.3|RefStars_S50716+71_fk5.reg|5|13.18|0.01|1|recommend
16|0716+714|S50716+71|07 21 53.4|+71 20 36|0.3|RefStars_S50716+71_fk5.reg|6|13.26|0.01|1|recommend
17|0716+714|S50716+71|07 21 53.4|+71 20 36|0.3|RefStars_S50716+71_fk5.reg|7|13.32|0.01|2|notRecommend
18|0716+714|S50716+71|07 21 53.4|+71 20 36|0.3|RefStars_S50716+71_fk5.reg|8|13.79|0.02|2|notRecommend
19|0735+178|PKS0735+17|07 38 07.4|+17 42 19|0.424|RefStars_PKS0735+17_fk5.reg|C1|12.89|0.04|2|notRecommend
20|0735+178|PKS0735+17|07 38 07.4|+17 42 19|0.424|RefStars_PKS0735+17_fk5.reg|C|13.85|0.04|1|recommend
21|0735+178|PKS0735+17|07 38 07.4|+17 42 19|0.424|RefStars_PKS0735+17_fk5.reg|D|15.49|0.05|1|recommend
22|0735+178|PKS0735+17|07 38 07.4|+17 42 19|0.424|RefStars_PKS0735+17_fk5.reg|C2|12.79|0.04|2|notRecommend
23|0735+178|PKS0735+17|07 38 07.4|+17 42 19|0.424|RefStars_PKS0735+17_fk5.reg|C4|13.8|0.04|2|notRecommend
24|0735+178|PKS0735+17|07 38 07.4|+17 42 19|0.424|RefStars_PKS0735+17_fk5.reg|C7|14.7|0.06|2|notRecommend
25|0735+178|PKS0735+17|07 38 07.4|+17 42 19|0.424|RefStars_PKS0735+17_fk5.reg|A|13.1|0.05|1|recommend
26|0827+243|OJ248|08 30 52.1|+24 11 00|0.9390000000000001|RefStars_OJ248_fk5.reg|1|13.76|0.02|1|recommend
27|0827+243|OJ248|08 30 52.1|+24 11 00|0.9390000000000001|RefStars_OJ248_fk5.reg|2|14.46|0.03|1|recommend
28|0827+243|OJ248|08 30 52.1|+24 11 00|0.9390000000000001|RefStars_OJ248_fk5.reg|3|14.32|0.02|1|recommend
29|0827+243|OJ248|08 30 52.1|+24 11 00|0.9390000000000001|RefStars_OJ248_fk5.reg|4|15.18|0.03|1|recommend
30|0827+243|OJ248|08 30 52.1|+24 11 00|0.9390000000000001|RefStars_OJ248_fk5.reg|5|16.4|0.02|1|recommend
31|0829+046|OJ49|08 31 48.9|+04 29 39|0.173683|RefStars_OJ49_fk5.reg|C1|12.47|0.06|2|notRecommend
32|0829+046|OJ49|08 31 48.9|+04 29 39|0.173683|RefStars_OJ49_fk5.reg|C2|13.27|0.06|1|recommend
33|0829+046|OJ49|08 31 48.9|+04 29 39|0.173683|RefStars_OJ49_fk5.reg|C3|13.23|0.05|1|recommend
34|0829+046|OJ49|08 31 48.9|+04 29 39|0.173683|RefStars_OJ49_fk5.reg|C4|13.19|0.06|2|notRecommend
35|0829+046|OJ49|08 31 48.9|+04 29 39|0.173683|RefStars_OJ49_fk5.reg|C5|14.77|0.06|2|notRecommend
36|0836+710|4C71.07|08 41 24.3|+70 53 42|2.1719999999999997|RefStars_4C71.07_fk5.reg|A|16.59|0.1|2|notRecommend
37|0836+710|4C71.07|08 41 24.3|+70 53 42|2.1719999999999997|RefStars_4C71.07_fk5.reg|B|14.85|0.05|1|recommend
38|0836+710|4C71.07|08 41 24.3|+70 53 42|2.1719999999999997|RefStars_4C71.07_fk5.reg|C|13.53|0.05|1|recommend
39|0851+202|OJ287|08 54 48.9|+20 06 31|0.306|RefStars_OJ287_fk5.reg|4|13.74|0.04|1|recommend
40|0851+202|OJ287|08 54 48.9|+20 06 31|0.306|RefStars_OJ287_fk5.reg|10|14.34|0.05|1|recommend
41|0851+202|OJ287|08 54 48.9|+20 06 31|0.306|RefStars_OJ287_fk5.reg|11|14.65|0.05|1|recommend
42|0851+202|OJ287|08 54 48.9|+20 06 31|0.306|RefStars_OJ287_fk5.reg|C1|15.5|0.07|2|notRecommend
43|0851+202|OJ287|08 54 48.9|+20 06 31|0.306|RefStars_OJ287_fk5.reg|C2|15.66|0.08|2|notRecommend
44|0851+202|OJ287|08 54 48.9|+20 06 31|0.306|RefStars_OJ287_fk5.reg|2|12.46|0.05|2|notRecommend
45|0954+658|S40954+65|09 58 47.2|+65 33 55|0.368|RefStars_S40954+65_fk5.reg|1|12.56|0.02|2|notRecommend
46|0954+658|S40954+65|09 58 47.2|+65 33 55|0.368|RefStars_S40954+65_fk5.reg|2|13.96|0.03|1|recommend
47|0954+658|S40954+65|09 58 47.2|+65 33 55|0.368|RefStars_S40954+65_fk5.reg|3|14.12|0.02|1|recommend
48|0954+658|S40954+65|09 58 47.2|+65 33 55|0.368|RefStars_S40954+65_fk5.reg|4|14.25|0.03|1|recommend
49|0954+658|S40954+65|09 58 47.2|+65 33 55|0.368|RefStars_S40954+65_fk5.reg|5|14.85|0.02|2|notRecommend
50|0954+658|S40954+65|09 58 47.2|+65 33 55|0.368|RefStars_S40954+65_fk5.reg|6|14.43|0.03|1|recommend
51|0954+658|S40954+65|09 58 47.2|+65 33 55|0.368|RefStars_S40954+65_fk5.reg|7|15.22|0.03|1|recommend
52|0954+658|S40954+65|09 58 47.2|+65 33 55|0.368|RefStars_S40954+65_fk5.reg|8|15.39|0.04|2|notRecommend
53|0954+658|S40954+65|09 58 47.2|+65 33 55|0.368|RefStars_S40954+65_fk5.reg|9|15.69|0.02|2|notRecommend
54|1101+384|Mkn421|11 04 27.3|+38 12 32|0.030021|RefStars_Mkn421_fk5.reg|1|14.04|0.02|1|recommend
55|1101+384|Mkn421|11 04 27.3|+38 12 32|0.030021|RefStars_Mkn421_fk5.reg|2|15.2|0.02|1|recommend
56|1101+384|Mkn421|11 04 27.3|+38 12 32|0.030021|RefStars_Mkn421_fk5.reg|3|15.24|0.03|1|recommend
57|1156+295|4C29.45|11 59 31.8|+29 14 44|0.7290000000000001|RefStars_4C29.45_fk5.reg|1|13.01|0.02|1|recommend
58|1156+295|4C29.45|11 59 31.8|+29 14 44|0.7290000000000001|RefStars_4C29.45_fk5.reg|2|15.0|0.02|1|recommend
59|1156+295|4C29.45|11 59 31.8|+29 14 44|0.7290000000000001|RefStars_4C29.45_fk5.reg|3|15.54|0.02|1|recommend
60|1156+295|4C29.45|11 59 31.8|+29 14 44|0.7290000000000001|RefStars_4C29.45_fk5.reg|4|16.28|0.02|1|recommend
61|1219+285|ON231|12 21 31.7|+28 13 59|0.102|RefStars_ON231_fk5.reg|A|11.72|0.04|1|recommend
62|1219+285|ON231|12 21 31.7|+28 13 59|0.102|RefStars_ON231_fk5.reg|C1|16.03|0.1|1|recommend
63|1219+285|ON231|12 21 31.7|+28 13 59|0.102|RefStars_ON231_fk5.reg|D|13.86|0.04|1|recommend
64|1226+023|3C273|12 29 06.7|+02 03 09|0.158339|RefStars_3C273_fk5.reg|C|11.3|0.04|1|recommend
65|1226+023|3C273|12 29 06.7|+02 03 09|0.158339|RefStars_3C273_fk5.reg|D|12.31|0.04|1|recommend
66|1226+023|3C273|12 29 06.7|+02 03 09|0.158339|RefStars_3C273_fk5.reg|E|12.27|0.05|1|recommend
67|1226+023|3C273|12 29 06.7|+02 03 09|0.158339|RefStars_3C273_fk5.reg|G|13.16|0.05|1|recommend
68|1253-055|3C279|12 56 11.1|-05 47 22|0.5362|RefStars_3C279_fk5.reg|1|12.05|0.02|1|recommend
69|1253-055|3C279|12 56 11.1|-05 47 22|0.5362|RefStars_3C279_fk5.reg|2|12.56|0.03|1|recommend
70|1253-055|3C279|12 56 11.1|-05 47 22|0.5362|RefStars_3C279_fk5.reg|3|12.53|0.02|1|recommend
71|1253-055|3C279|12 56 11.1|-05 47 22|0.5362|RefStars_3C279_fk5.reg|4|15.13|0.02|2|notRecommend
72|1253-055|3C279|12 56 11.1|-05 47 22|0.5362|RefStars_3C279_fk5.reg|5|12.47|0.02|1|recommend
73|1510-089|PKS1510-08|15 12 50.5|-09 06 00|0.36|RefStars_PKS1510-08_fk5.reg|1|11.14|0.02|2|notRecommend
74|1510-089|PKS1510-08|15 12 50.5|-09 06 00|0.36|RefStars_PKS1510-08_fk5.reg|2|12.88|0.03|1|recommend
75|1510-089|PKS1510-08|15 12 50.5|-09 06 00|0.36|RefStars_PKS1510-08_fk5.reg|3|13.95|0.03|1|recommend
76|1510-089|PKS1510-08|15 12 50.5|-09 06 00|0.36|RefStars_PKS1510-08_fk5.reg|4|14.22|0.03|1|recommend
77|1510-089|PKS1510-08|15 12 50.5|-09 06 00|0.36|RefStars_PKS1510-08_fk5.reg|5|14.35|0.05|1|recommend
78|1510-089|PKS1510-08|15 12 50.5|-09 06 00|0.36|RefStars_PKS1510-08_fk5.reg|6|14.61|0.02|1|recommend
79|1611+343|DA406|16 13 41.0|+34 12 48|1.401|RefStars_DA406_fk5.reg|A|14.81|0.05|2|notRecommend
80|1611+343|DA406|16 13 41.0|+34 12 48|1.401|RefStars_DA406_fk5.reg|C|13.69|0.04|1|recommend
81|1611+343|DA406|16 13 41.0|+34 12 48|1.401|RefStars_DA406_fk5.reg|C1|11.63|0.03|2|notRecommend
82|1611+343|DA406|16 13 41.0|+34 12 48|1.401|RefStars_DA406_fk5.reg|C2|13.34|0.03|1|recommend
83|1633+382|4C38.41|16 35 15.5|+38 08 04|1.8135700000000001|RefStars_4C38.41_fk5.reg|A|15.48|0.05|1|recommend
84|1633+382|4C38.41|16 35 15.5|+38 08 04|1.8135700000000001|RefStars_4C38.41_fk5.reg|B|15.44|0.05|1|recommend
85|1633+382|4C38.41|16 35 15.5|+38 08 04|1.8135700000000001|RefStars_4C38.41_fk5.reg|C|17.22|0.1|2|notRecommend
86|1641+399|3C345|16 42 58.8|+39 48 37|0.5928|RefStars_3C345_fk5.reg|4|14.767999999999999|0.006|1|recommend
87|1641+399|3C345|16 42 58.8|+39 48 37|0.5928|RefStars_3C345_fk5.reg|10|13.644|0.01|1|recommend
88|1641+399|3C345|16 42 58.8|+39 48 37|0.5928|RefStars_3C345_fk5.reg|12|15.04|0.009000000000000001|1|recommend
89|1641+399|3C345|16 42 58.8|+39 48 37|0.5928|RefStars_3C345_fk5.reg|19|14.47|0.006|1|recommend
90|1652+398|Mkn501|16 53 52.2|+39 45 37|0.033663|RefStars_Mkn501_fk5.reg|1|12.11|0.02|1|recommend
91|1652+398|Mkn501|16 53 52.2|+39 45 37|0.033663|RefStars_Mkn501_fk5.reg|2|12.79|0.02|1|recommend
92|1652+398|Mkn501|16 53 52.2|+39 45 37|0.033663|RefStars_Mkn501_fk5.reg|3|14.8|0.02|2|notRecommend
93|1652+398|Mkn501|16 53 52.2|+39 45 37|0.033663|RefStars_Mkn501_fk5.reg|4|14.96|0.02|1|recommend
94|1652+398|Mkn501|16 53 52.2|+39 45 37|0.033663|RefStars_Mkn501_fk5.reg|5|15.08|0.02|2|notRecommend
95|1652+398|Mkn501|16 53 52.2|+39 45 37|0.033663|RefStars_Mkn501_fk5.reg|6|14.99|0.04|1|recommend
96|1739+522|4C51.37|17 40 37.0|+52 11 43|1.375|RefStars_4C51.37_fk5.reg|A|15.63|0.1|1|recommend
97|1739+522|4C51.37|17 40 37.0|+52 11 43|1.375|RefStars_4C51.37_fk5.reg|B|17.06|0.1|1|recommend
98|1739+522|4C51.37|17 40 37.0|+52 11 43|1.375|RefStars_4C51.37_fk5.reg|C|17.32|0.1|1|recommend
99|1739+522|4C51.37|17 40 37.0|+52 11 43|1.375|RefStars_4C51.37_fk5.reg|D|17.14|0.1|1|recommend
100|1807+698|3C371|18 06 50.7|+69 49 28|0.051|RefStars_3C371_fk5.reg|C1|13.78|0.06|0|selfStar,recommend
101|1807+698|3C371|18 06 50.7|+69 49 28|0.051|RefStars_3C371_fk5.reg|C2|15.95|0.1|1|recommend
102|2155-304|PKS2155-304|21 58 52.0|-30 13 32|0.11599999999999999|RefStars_PKS2155-304_fk5.reg|2|11.67|0.01|1|recommend
103|2155-304|PKS2155-304|21 58 52.0|-30 13 32|0.11599999999999999|RefStars_PKS2155-304_fk5.reg|3|12.47|0.01|1|recommend
104|2155-304|PKS2155-304|21 58 52.0|-30 13 32|0.11599999999999999|RefStars_PKS2155-304_fk5.reg|4|13.92|0.01|1|recommend
105|2155-304|PKS2155-304|21 58 52.0|-30 13 32|0.11599999999999999|RefStars_PKS2155-304_fk5.reg|5|15.01|0.03|2|notRecommend
106|2200+420|BLLac|22 02 43.3|+42 16 40|0.0686|RefStars_BLLac_fk5.reg|B|11.99|0.04|1|recommend
107|2200+420|BLLac|22 02 43.3|+42 16 40|0.0686|RefStars_BLLac_fk5.reg|C|13.79|0.05|1|recommend
108|2200+420|BLLac|22 02 43.3|+42 16 40|0.0686|RefStars_BLLac_fk5.reg|H|13.73|0.06|1|recommend
109|2200+420|BLLac|22 02 43.3|+42 16 40|0.0686|RefStars_BLLac_fk5.reg|K|15.0|0.07|2|notRecommend
110|2230+114|CTA102|22 32 36.4|+11 43 51|1.037|RefStars_CTA102_fk5.reg|1|13.56|0.04|1|recommend
111|2230+114|CTA102|22 32 36.4|+11 43 51|1.037|RefStars_CTA102_fk5.reg|2|14.07|0.07|1|recommend
112|2251+158|3C454.3|22 53 57.7|+16 08 54|0.8590000000000001|RefStars_3C454.3_fk5.reg|1|13.15|0.02|1|recommend
113|2251+158|3C454.3|22 53 57.7|+16 08 54|0.8590000000000001|RefStars_3C454.3_fk5.reg|2|13.19|0.02|1|recommend
114|2251+158|3C454.3|22 53 57.7|+16 08 54|0.8590000000000001|RefStars_3C454.3_fk5.reg|3|14.0|0.02|1|recommend
115|2251+158|3C454.3|22 53 57.7|+16 08 54|0.8590000000000001|RefStars_3C454.3_fk5.reg|4|14.79|0.02|1|recommend
116|2251+158|3C454.3|22 53 57.7|+16 08 54|0.8590000000000001|RefStars_3C454.3_fk5.reg|5|14.83|0.02|2|notRecommend
117|2251+158|3C454.3|22 53 57.7|+16 08 54|0.8590000000000001|RefStars_3C454.3_fk5.reg|6|14.83|0.03|2|notRecommend
118|2251+158|3C454.3|22 53 57.7|+16 08 54|0.8590000000000001|RefStars_3C454.3_fk5.reg|7|14.94|0.02|2|notRecommend
119|2251+158|3C454.3|22 53 57.7|+16 08 54|0.8590000000000001|RefStars_3C454.3_fk5.reg|8|15.34|0.02|2|notRecommend
120|2344+514|1ES2344+514|23 47 04.8|+51 42 18|0.044000000000000004|RefStars_1ES2344+514_fk5.reg|C1|12.24|0.04|1|recommend
121|2344+514|1ES2344+514|23 47 04.8|+51 42 18|0.044000000000000004|RefStars_1ES2344+514_fk5.reg|C2|14.2|0.05|1|recommend
122|2344+514|1ES2344+514|23 47 04.8|+51 42 18|0.044000000000000004|RefStars_1ES2344+514_fk5.reg|C3|15.4|0.08|1|recommend
