ID|DateObs|TimeObs|Filename|Object|RA_hhmmss|DEC_ddmmss|RA_deg|DEC_deg|RA_pix|Dec_pix|FilterName|JD|ExpTime_sec|Zmag|FWHM|Altitude|Airmass
1|2020-04-04|16:48:52|3C273-20200404@164848-R_Astrodon_2018_calib.fits|3C273|12 29 06.70|+02 03 09.0|187.2779|2.0525|973.0524|1084.2587|R_Astrodon_2018|2458944.200601852|180.0|20.9276|2.7510|61.5899|1.1409
2|2020-04-04|16:52:07|3C273-20200404@165206-R_Astrodon_2018_calib.fits|3C273|12 29 06.70|+02 03 09.0|187.2779|2.0525|974.3096|1084.3896|R_Astrodon_2018|2458944.2028587963|180.0|21.0016|2.5947|61.0657|1.1468
3|2020-04-04|16:56:13|3C279-20200404@165609-R_Astrodon_2018_calib.fits|3C279|12 56 11.10|-05 47 22.0|194.0462|-5.7894|1005.7175|1052.3157|R_Astrodon_2018|2458944.2057060185|180.0|20.9866|2.9416|57.5601|1.1885
4|2020-04-04|16:59:28|3C279-20200404@165928-R_Astrodon_2018_calib.fits|3C279|12 56 11.10|-05 47 22.0|194.0462|-5.7894|1006.6803|1051.5501|R_Astrodon_2018|2458944.207962963|180.0|21.0469|2.5920|57.2088|1.1934
5|2020-04-04|17:27:04|3C345-20200404@172703-R_Astrodon_2018_calib.fits|3C345|16 42 58.80|+39 48 37.0|250.7450|39.8103|1019.0925|1035.5520|R_Astrodon_2018|2458944.22712963|180.0|20.6577|2.7269|56.6024|1.1910
6|2020-04-04|17:30:20|3C345-20200404@173019-R_Astrodon_2018_calib.fits|3C345|16 42 58.80|+39 48 37.0|250.7450|39.8103|1019.0702|1036.0540|R_Astrodon_2018|2458944.229398148|180.0|20.6801|2.7162|57.1964|1.1831
7|2020-04-04|17:48:47|3C371-20200404@174843-R_Astrodon_2018_calib.fits|3C371|18 06 50.70|+69 49 28.0|271.7112|69.8244|1010.2620|1107.0034|R_Astrodon_2018|2458944.242210648|180.0|20.9544|3.1305|35.2107|1.7193
8|2020-04-04|17:52:03|3C371-20200404@175203-R_Astrodon_2018_calib.fits|3C371|18 06 50.70|+69 49 28.0|271.7112|69.8244|1010.4994|1108.2091|R_Astrodon_2018|2458944.244479167|180.0|20.9773|3.1925|35.4530|1.7093
9|2020-04-04|16:34:18|4C29-45-20200404@163414-R_Astrodon_2018_calib.fits|4C29-45|11 59 31.80|+29 14 44.0|179.8825|29.2456|1022.7717|1023.5748|R_Astrodon_2018|2458944.190486111|180.0|21.2590|2.7891|68.6213|1.0769
10|2020-04-04|16:37:33|4C29-45-20200404@163733-R_Astrodon_2018_calib.fits|4C29-45|11 59 31.80|+29 14 44.0|179.8825|29.2456|1023.4395|1024.0619|R_Astrodon_2018|2458944.1927430555|180.0|21.2446|2.7792|67.9210|1.0827
11|2020-04-04|17:20:14|4C38-41-20200404@172014-R_Astrodon_2018_calib.fits|4C38-41|16 35 15.50|+38 08 04.0|248.8146|38.1344|1020.2476|1032.0331|R_Astrodon_2018|2458944.222384259|180.0|20.9768|2.6129|57.2727|1.1820
12|2020-04-04|17:23:30|4C38-41-20200404@172330-R_Astrodon_2018_calib.fits|4C38-41|16 35 15.50|+38 08 04.0|248.8146|38.1344|1020.2487|1032.3894|R_Astrodon_2018|2458944.224652778|180.0|20.9340|2.8089|57.8888|1.1740
13|2020-04-04|17:41:18|4C51-37-20200404@174114-R_Astrodon_2018_calib.fits|4C51-37|17 40 37.00|+52 11 43.0|265.1542|52.1953|1013.1486|1073.6741|R_Astrodon_2018|2458944.237013889|180.0|21.1975|3.0225|45.1584|1.3992
14|2020-04-04|17:44:34|4C51-37-20200404@174434-R_Astrodon_2018_calib.fits|4C51-37|17 40 37.00|+52 11 43.0|265.1542|52.1953|1013.3118|1073.8789|R_Astrodon_2018|2458944.2392824073|180.0|21.1709|3.2237|45.6224|1.3882
15|2020-04-04|15:21:47|4C71-07-20200404@152143-R_Astrodon_2018_calib.fits|4C71-07|08 41 24.30|+70 53 42.0|130.3512|70.8950|1086.7104|1071.6272|R_Astrodon_2018|2458944.1401273147|180.0|21.2455|2.6119|33.4493|1.8120
16|2020-04-04|15:25:03|4C71-07-20200404@152503-R_Astrodon_2018_calib.fits|4C71-07|08 41 24.30|+70 53 42.0|130.3512|70.8950|1086.5091|1071.7891|R_Astrodon_2018|2458944.1423958335|180.0|21.2500|2.6040|33.2090|1.8237
17|2020-04-04|17:13:25|DA406-20200404@171321-R_Astrodon_2018_calib.fits|DA406|16 13 41.00|+34 12 48.0|243.4208|34.2133|971.7001|1016.5434|R_Astrodon_2018|2458944.217650463|180.0|21.1356|2.6233|61.1720|1.1358
18|2020-04-04|17:16:41|DA406-20200404@171641-R_Astrodon_2018_calib.fits|DA406|16 13 41.00|+34 12 48.0|243.4208|34.2133|971.6378|1017.1437|R_Astrodon_2018|2458944.2199189817|180.0|21.1301|2.6180|61.8289|1.1289
19|2020-04-04|17:05:43|KS1510-08-20200404@170539-R_Astrodon_2018_calib.fits|KS1510-08|15 12 50.50|-09 06 00.0|228.2104|-9.1000|1020.6746|1024.0615|R_Astrodon_2018|2458944.212303241|180.0|20.9157|2.6488|53.2397|1.2448
20|2020-04-04|17:08:59|KS1510-08-20200404@170858-R_Astrodon_2018_calib.fits|KS1510-08|15 12 50.50|-09 06 00.0|228.2104|-9.1000|1020.5160|1025.3795|R_Astrodon_2018|2458944.214571759|180.0|20.9323|2.6252|53.6040|1.2391
21|2020-04-04|15:36:21|Mkn421-20200404@153617-R_Astrodon_2018_calib.fits|Mkn421|11 04 27.30|+38 12 32.0|166.1137|38.2089|1019.5375|955.2276|R_Astrodon_2018|2458944.1502430555|180.0|21.2146|3.2677|65.9752|1.0971
22|2020-04-04|15:39:37|Mkn421-20200404@153937-R_Astrodon_2018_calib.fits|Mkn421|11 04 27.30|+38 12 32.0|166.1137|38.2089|1020.3627|954.9654|R_Astrodon_2018|2458944.152511574|180.0|21.1895|3.1307|65.4224|1.1021
23|2020-04-04|17:33:53|Mkn501-20200404@173353-R_Astrodon_2018_calib.fits|Mkn501|16 53 52.20|+39 45 37.0|253.4675|39.7603|1020.3110|1035.7592|R_Astrodon_2018|2458944.231863426|180.0|21.1271|2.8474|55.8784|1.2009
24|2020-04-04|17:37:08|Mkn501-20200404@173708-R_Astrodon_2018_calib.fits|Mkn501|16 53 52.20|+39 45 37.0|253.4675|39.7603|1020.0695|1036.2505|R_Astrodon_2018|2458944.2341203704|180.0|21.0855|3.1788|56.4736|1.1926
25|2020-04-04|15:09:42|OJ248-20200404@150938-R_Astrodon_2018_calib.fits|OJ248|08 30 52.10|+24 11 00.0|127.7171|24.1833|1054.2326|1005.1992|R_Astrodon_2018|2458944.131736111|180.0|20.7580|2.7491|40.9396|1.5378
26|2020-04-04|15:12:57|OJ248-20200404@151257-R_Astrodon_2018_calib.fits|OJ248|08 30 52.10|+24 11 00.0|127.7171|24.1833|1055.6225|1007.5351|R_Astrodon_2018|2458944.1339930557|180.0|20.7694|2.5896|40.2100|1.5614
27|2020-04-04|15:16:29|OJ287-20200404@151628-R_Astrodon_2018_calib.fits|OJ287|08 54 48.90|+20 06 31.0|133.7037|20.1086|1016.1536|1013.2971|R_Astrodon_2018|2458944.136446759|180.0|21.3303|2.6947|43.9592|1.4512
28|2020-04-04|14:54:07|OJ49-20200404@145402-R_Astrodon_2018_calib.fits|OJ49|08 31 48.90|+04 29 39.0|127.9537|4.4942|997.5910|1002.4072|R_Astrodon_2018|2458944.1209143517|180.0|20.6942|2.8277|38.3920|1.6251
29|2020-04-04|14:57:23|OJ49-20200404@145722-R_Astrodon_2018_calib.fits|OJ49|08 31 48.90|+04 29 39.0|127.9537|4.4942|999.8335|1003.4820|R_Astrodon_2018|2458944.1231828704|180.0|20.6600|2.8662|37.6612|1.6524
30|2020-04-04|16:41:21|ON231-20200404@164121-R_Astrodon_2018_calib.fits|ON231|12 21 31.70|+28 13 59.0|185.3821|28.2331|1017.6813|1022.9650|R_Astrodon_2018|2458944.1953819445|180.0|21.1292|3.0218|72.0243|1.0538
31|2020-04-04|16:44:36|ON231-20200404@164436-R_Astrodon_2018_calib.fits|ON231|12 21 31.70|+28 13 59.0|185.3821|28.2331|1017.8346|1022.9045|R_Astrodon_2018|2458944.197638889|180.0|21.0993|2.9235|71.3187|1.0583
32|2020-04-04|14:46:41|S0735+17-20200404@144637-R_Astrodon_2018_calib.fits|S0735+17|07 38 07.40|+17 42 19.0|114.5308|17.7053|954.1685|936.6436|R_Astrodon_2018|2458944.1157523147|180.0|21.0906|3.3087|32.6497|1.8726
33|2020-04-04|14:49:56|S0735+17-20200404@144955-R_Astrodon_2018_calib.fits|S0735+17|07 38 07.40|+17 42 19.0|114.5308|17.7053|955.7918|938.9088|R_Astrodon_2018|2458944.1180092595|180.0|21.1108|3.0718|31.9076|1.9125
34|2020-04-04|15:28:44|S4_0954+65-20200404@152843-R_Astrodon_2018_calib.fits|S4_0954+65|09 58 47.20|+65 33 55.0|149.6967|65.5653|1072.1665|1030.2974|R_Astrodon_2018|2458944.1449537035|180.0|20.7745|2.6448|41.7997|1.4999
35|2020-04-04|15:32:00|S4_0954+65-20200404@153159-R_Astrodon_2018_calib.fits|S4_0954+65|09 58 47.20|+65 33 55.0|149.6967|65.5653|1072.0947|1030.2606|R_Astrodon_2018|2458944.1472222223|180.0|20.7592|2.6723|41.5484|1.5075
36|2020-04-04|15:01:58|S5_0716+71-20200404@150154-R_Astrodon_2018_calib.fits|S5_0716+71|07 21 53.40|+71 20 36.0|110.4725|71.3433|1118.7617|1093.8093|R_Astrodon_2018|2458944.126365741|180.0|21.1128|3.2691|28.7588|2.0748
37|2020-04-04|15:05:13|S5_0716+71-20200404@150513-R_Astrodon_2018_calib.fits|S5_0716+71|07 21 53.40|+71 20 36.0|110.4725|71.3433|1119.3760|1094.6042|R_Astrodon_2018|2458944.128622685|180.0|21.1480|3.0453|28.5034|2.0919
38|2020-04-09|16:14:43|3C273-20200409@161439-R_Astrodon_2018_calib.fits|3C273|12 29 06.70|+02 03 09.0|187.2779|2.0525|965.1597|1081.0904|R_Astrodon_2018|2458949.176886574|180.0|21.2036|2.3282|63.7664|1.1181
39|2020-04-09|16:17:59|3C273-20200409@161758-R_Astrodon_2018_calib.fits|3C273|12 29 06.70|+02 03 09.0|187.2779|2.0525|966.4575|1080.7125|R_Astrodon_2018|2458949.1791550927|180.0|21.2216|2.1383|63.3007|1.1228
40|2020-04-09|16:22:07|3C279-20200409@162203-R_Astrodon_2018_calib.fits|3C279|12 56 11.10|-05 47 22.0|194.0462|-5.7894|1004.1770|1054.6674|R_Astrodon_2018|2458949.182025463|180.0|21.2355|2.4829|58.9227|1.1704
41|2020-04-09|16:25:22|3C279-20200409@162522-R_Astrodon_2018_calib.fits|3C279|12 56 11.10|-05 47 22.0|194.0462|-5.7894|1004.9156|1053.8953|R_Astrodon_2018|2458949.1842824076|180.0|21.1515|2.8075|58.6456|1.1741
42|2020-04-09|16:53:14|3C345-20200409@165313-R_Astrodon_2018_calib.fits|3C345|16 42 58.80|+39 48 37.0|250.7450|39.8103|1016.7690|1039.6579|R_Astrodon_2018|2458949.2036342593|180.0|20.9018|2.4823|53.9934|1.2283
43|2020-04-09|16:56:29|3C345-20200409@165628-R_Astrodon_2018_calib.fits|3C345|16 42 58.80|+39 48 37.0|250.7450|39.8103|1016.7534|1039.6220|R_Astrodon_2018|2458949.2058912036|180.0|20.9060|2.4924|54.5957|1.2192
44|2020-04-09|18:15:28|3C345-20200409@181528-R_Astrodon_2018_calib.fits|3C345|16 42 58.80|+39 48 37.0|250.7450|39.8103|1018.0054|1036.0021|R_Astrodon_2018|2458949.2607407407|180.0|20.8563|2.8589|67.9397|1.0760
45|2020-04-09|18:18:44|3C345-20200409@181843-R_Astrodon_2018_calib.fits|3C345|16 42 58.80|+39 48 37.0|250.7450|39.8103|1017.9708|1037.7467|R_Astrodon_2018|2458949.2630092595|180.0|20.8738|2.7002|68.3970|1.0727
46|2020-04-09|17:14:56|3C371-20200409@171451-R_Astrodon_2018_calib.fits|3C371|18 06 50.70|+69 49 28.0|271.7112|69.8244|1012.0813|1105.3187|R_Astrodon_2018|2458949.2187037035|180.0|21.3522|2.7735|34.1337|1.7655
47|2020-04-09|17:18:12|3C371-20200409@171812-R_Astrodon_2018_calib.fits|3C371|18 06 50.70|+69 49 28.0|271.7112|69.8244|1012.6958|1106.0150|R_Astrodon_2018|2458949.2209722223|180.0|21.3410|2.8714|34.3850|1.7545
48|2020-04-09|16:00:22|4C29-45-20200409@160018-R_Astrodon_2018_calib.fits|4C29-45|11 59 31.80|+29 14 44.0|179.8825|29.2456|1052.2934|971.5383|R_Astrodon_2018|2458949.166921296|180.0|21.4613|2.0263|71.6750|1.0559
49|2020-04-09|16:03:37|4C29-45-20200409@160337-R_Astrodon_2018_calib.fits|4C29-45|11 59 31.80|+29 14 44.0|179.8825|29.2456|1052.4569|971.2608|R_Astrodon_2018|2458949.169178241|180.0|21.4446|2.1467|70.9834|1.0604
50|2020-04-09|16:46:26|4C38-41-20200409@164626-R_Astrodon_2018_calib.fits|4C38-41|16 35 15.50|+38 08 04.0|248.8146|38.1344|1018.4998|1036.1134|R_Astrodon_2018|2458949.198912037|180.0|21.1448|2.5993|54.5786|1.2193
51|2020-04-09|16:49:42|4C38-41-20200409@164941-R_Astrodon_2018_calib.fits|4C38-41|16 35 15.50|+38 08 04.0|248.8146|38.1344|1018.5169|1036.1325|R_Astrodon_2018|2458949.2011805554|180.0|21.1452|2.6743|55.2045|1.2101
52|2020-04-09|18:08:40|4C38-41-20200409@180840-R_Astrodon_2018_calib.fits|4C38-41|16 35 15.50|+38 08 04.0|248.8146|38.1344|1020.2288|1031.0305|R_Astrodon_2018|2458949.2560185185|180.0|21.1850|2.5033|69.1754|1.0670
53|2020-04-09|18:11:56|4C38-41-20200409@181156-R_Astrodon_2018_calib.fits|4C38-41|16 35 15.50|+38 08 04.0|248.8146|38.1344|1019.8324|1032.8702|R_Astrodon_2018|2458949.2582870373|180.0|21.1198|2.9289|69.6645|1.0637
54|2020-04-09|17:07:26|4C51-37-20200409@170722-R_Astrodon_2018_calib.fits|4C51-37|17 40 37.00|+52 11 43.0|265.1542|52.1953|1010.0178|1078.3961|R_Astrodon_2018|2458949.2134953705|180.0|21.4809|2.3831|43.1101|1.4505
55|2020-04-09|17:10:42|4C51-37-20200409@171042-R_Astrodon_2018_calib.fits|4C51-37|17 40 37.00|+52 11 43.0|265.1542|52.1953|1010.3287|1078.7199|R_Astrodon_2018|2458949.215763889|180.0|21.4899|2.3507|43.5851|1.4380
56|2020-04-09|13:45:45|4C71-07-20200409@134541-R_Astrodon_2018_calib.fits|4C71-07|08 41 24.30|+70 53 42.0|130.3512|70.8950|1092.3760|1074.3765|R_Astrodon_2018|2458949.0734375|180.0|21.5079|3.1448|38.4302|1.6064
57|2020-04-09|13:49:02|4C71-07-20200409@134902-R_Astrodon_2018_calib.fits|4C71-07|08 41 24.30|+70 53 42.0|130.3512|70.8950|1091.9481|1073.9892|R_Astrodon_2018|2458949.0757175926|180.0|21.5641|2.6911|38.2466|1.6130
58|2020-04-09|16:39:38|DA406-20200409@163934-R_Astrodon_2018_calib.fits|DA406|16 13 41.00|+34 12 48.0|243.4208|34.2133|1022.6007|1024.5790|R_Astrodon_2018|2458949.194189815|180.0|21.0374|3.6695|58.3097|1.1686
59|2020-04-09|16:42:53|DA406-20200409@164253-R_Astrodon_2018_calib.fits|DA406|16 13 41.00|+34 12 48.0|243.4208|34.2133|1022.1144|1025.2540|R_Astrodon_2018|2458949.196446759|180.0|21.2256|2.9172|58.9712|1.1605
60|2020-04-09|18:01:37|DA406-20200409@180132-R_Astrodon_2018_calib.fits|DA406|16 13 41.00|+34 12 48.0|243.4208|34.2133|971.2440|1005.7556|R_Astrodon_2018|2458949.251122685|180.0|21.3442|2.6071|73.9210|1.0385
61|2020-04-09|18:04:53|DA406-20200409@180452-R_Astrodon_2018_calib.fits|DA406|16 13 41.00|+34 12 48.0|243.4208|34.2133|971.0971|1008.5089|R_Astrodon_2018|2458949.253391204|180.0|21.3288|2.5410|74.4450|1.0359
62|2020-04-09|14:00:15|Mkn421-20200409@140010-R_Astrodon_2018_calib.fits|Mkn421|11 04 27.30|+38 12 32.0|166.1137|38.2089|1013.9888|1013.3148|R_Astrodon_2018|2458949.0835069446|180.0|21.3344|3.2137|75.0243|1.0350
63|2020-04-09|14:03:30|Mkn421-20200409@140330-R_Astrodon_2018_calib.fits|Mkn421|11 04 27.30|+38 12 32.0|166.1137|38.2089|1015.5559|1012.1612|R_Astrodon_2018|2458949.085763889|180.0|21.3609|3.4812|74.8860|1.0358
64|2020-04-09|16:59:59|Mkn501-20200409@165958-R_Astrodon_2018_calib.fits|Mkn501|16 53 52.20|+39 45 37.0|253.4675|39.7603|1017.3716|1039.8936|R_Astrodon_2018|2458949.2083217595|180.0|21.3947|2.3159|53.2409|1.2400
65|2020-04-09|17:03:15|Mkn501-20200409@170314-R_Astrodon_2018_calib.fits|Mkn501|16 53 52.20|+39 45 37.0|253.4675|39.7603|1017.1904|1040.1680|R_Astrodon_2018|2458949.210590278|180.0|21.4025|2.2816|53.8497|1.2304
66|2020-04-09|13:30:58|OJ248-20200409@133054-R_Astrodon_2018_calib.fits|OJ248|08 30 52.10|+24 11 00.0|127.7171|24.1833|1050.7891|992.6395|R_Astrodon_2018|2458949.0631712964|180.0|20.9845|3.8240|58.8264|1.1740
67|2020-04-09|13:34:14|OJ248-20200409@133414-R_Astrodon_2018_calib.fits|OJ248|08 30 52.10|+24 11 00.0|127.7171|24.1833|1052.1814|993.9611|R_Astrodon_2018|2458949.0654398147|180.0|21.0335|3.2655|58.0833|1.1837
68|2020-04-09|13:37:50|OJ287-20200409@133749-R_Astrodon_2018_calib.fits|OJ287|08 54 48.90|+20 06 31.0|133.7037|20.1086|1014.7854|1021.1527|R_Astrodon_2018|2458949.0679398146|180.0|21.6367|3.1300|62.0937|1.1362
69|2020-04-09|13:41:04|OJ287-20200409@134104-R_Astrodon_2018_calib.fits|OJ287|08 54 48.90|+20 06 31.0|133.7037|20.1086|1015.6087|1022.3043|R_Astrodon_2018|2458949.0701851854|180.0|21.6524|3.0715|61.3503|1.1444
70|2020-04-09|13:14:54|OJ49-20200409@131450-R_Astrodon_2018_calib.fits|OJ49|08 31 48.90|+04 29 39.0|127.9537|4.4942|991.0953|1023.4991|R_Astrodon_2018|2458949.052013889|180.0|21.1177|3.0704|55.4900|1.2196
71|2020-04-09|13:18:09|OJ49-20200409@131809-R_Astrodon_2018_calib.fits|OJ49|08 31 48.90|+04 29 39.0|127.9537|4.4942|991.6085|1024.7361|R_Astrodon_2018|2458949.0542708333|180.0|21.1254|2.9413|54.8320|1.2297
72|2020-04-09|16:07:11|ON231-20200409@160711-R_Astrodon_2018_calib.fits|ON231|12 21 31.70|+28 13 59.0|185.3821|28.2331|1015.5300|1022.6621|R_Astrodon_2018|2458949.1716550924|180.0|21.3246|2.4953|75.1463|1.0365
73|2020-04-09|16:10:25|ON231-20200409@161025-R_Astrodon_2018_calib.fits|ON231|12 21 31.70|+28 13 59.0|185.3821|28.2331|1016.1512|1021.3668|R_Astrodon_2018|2458949.173900463|180.0|21.3277|2.3520|74.4553|1.0401
74|2020-04-09|13:07:26|S0735+17-20200409@130722-R_Astrodon_2018_calib.fits|S0735+17|07 38 07.40|+17 42 19.0|114.5308|17.7053|1098.8605|988.4067|R_Astrodon_2018|2458949.0468287035|180.0|21.5603|2.8261|50.9113|1.2963
75|2020-04-09|13:10:43|S0735+17-20200409@131043-R_Astrodon_2018_calib.fits|S0735+17|07 38 07.40|+17 42 19.0|114.5308|17.7053|1099.9364|988.5677|R_Astrodon_2018|2458949.0491087963|180.0|21.5557|2.8398|50.1563|1.3107
76|2020-04-09|13:52:43|S4_0954+65-20200409@135242-R_Astrodon_2018_calib.fits|S4_0954+65|09 58 47.20|+65 33 55.0|149.6967|65.5653|1070.9397|1052.0228|R_Astrodon_2018|2458949.078275463|180.0|21.0426|2.4300|46.4023|1.3790
77|2020-04-09|13:55:58|S4_0954+65-20200409@135557-R_Astrodon_2018_calib.fits|S4_0954+65|09 58 47.20|+65 33 55.0|149.6967|65.5653|1070.9918|1052.0819|R_Astrodon_2018|2458949.0805324074|180.0|21.0149|2.6488|46.2637|1.3823
78|2020-04-09|13:23:00|S5_0716+71-20200409@132256-R_Astrodon_2018_calib.fits|S5_0716+71|07 21 53.40|+71 20 36.0|110.4725|71.3433|1126.6712|1080.1002|R_Astrodon_2018|2458949.0576388887|180.0|21.5065|2.6846|34.6299|1.7574
79|2020-04-09|13:26:16|S5_0716+71-20200409@132616-R_Astrodon_2018_calib.fits|S5_0716+71|07 21 53.40|+71 20 36.0|110.4725|71.3433|1125.9922|1079.6295|R_Astrodon_2018|2458949.0599074075|180.0|21.4648|3.0485|34.4071|1.7674
80|2020-04-10|19:34:45|3C345-20200410@193445-R_Astrodon_2018_calib.fits|3C345|16 42 58.80|+39 48 37.0|250.7450|39.8103|1024.4565|1032.5875|R_Astrodon_2018|2458950.315798611|180.0|20.4591|2.4759|73.4211|1.0436
81|2020-04-10|19:38:01|3C345-20200410@193800-R_Astrodon_2018_calib.fits|3C345|16 42 58.80|+39 48 37.0|250.7450|39.8103|1024.7582|1031.1867|R_Astrodon_2018|2458950.3180671297|180.0|20.4417|2.4968|73.2905|1.0444
82|2020-04-10|19:58:26|3C371-20200410@195822-R_Astrodon_2018_calib.fits|3C371|18 06 50.70|+69 49 28.0|271.7112|69.8244|1015.3186|1141.3568|R_Astrodon_2018|2458950.3322453704|180.0|20.7906|2.2277|43.1240|1.4588
83|2020-04-10|15:30:30|4C29-45-20200410@153026-R_Astrodon_2018_calib.fits|4C29-45|11 59 31.80|+29 14 44.0|179.8825|29.2456|1021.6731|1024.9301|R_Astrodon_2018|2458950.1461805557|180.0|20.9506|2.5611|77.0581|1.0276
84|2020-04-10|15:33:46|4C29-45-20200410@153346-R_Astrodon_2018_calib.fits|4C29-45|11 59 31.80|+29 14 44.0|179.8825|29.2456|1023.3000|1024.7201|R_Astrodon_2018|2458950.148449074|180.0|20.9828|2.4857|76.3989|1.0305
85|2020-04-10|19:27:55|4C38-41-20200410@192755-R_Astrodon_2018_calib.fits|4C38-41|16 35 15.50|+38 08 04.0|248.8146|38.1344|1022.5752|1030.4521|R_Astrodon_2018|2458950.3110532407|180.0|20.7601|2.4863|75.0285|1.0354
86|2020-04-10|19:31:10|4C38-41-20200410@193110-R_Astrodon_2018_calib.fits|4C38-41|16 35 15.50|+38 08 04.0|248.8146|38.1344|1022.8872|1029.3806|R_Astrodon_2018|2458950.313310185|180.0|20.7742|2.3965|74.8733|1.0363
87|2020-04-10|19:50:57|4C51-37-20200410@195053-R_Astrodon_2018_calib.fits|4C51-37|17 40 37.00|+52 11 43.0|265.1542|52.1953|1022.5813|1027.6586|R_Astrodon_2018|2458950.327048611|180.0|21.0009|2.3601|60.7718|1.1443
88|2020-04-10|19:54:13|4C51-37-20200410@195412-R_Astrodon_2018_calib.fits|4C51-37|17 40 37.00|+52 11 43.0|265.1542|52.1953|1023.2446|1030.2136|R_Astrodon_2018|2458950.3293171297|180.0|20.9667|2.6246|60.8809|1.1432
89|2020-04-10|14:17:50|4C71-07-20200410@141746-R_Astrodon_2018_calib.fits|4C71-07|08 41 24.30|+70 53 42.0|130.3512|70.8950|1021.0279|1020.0474|R_Astrodon_2018|2458950.0957175926|180.0|20.8840|1.9234|36.2527|1.6896
90|2020-04-10|14:21:06|4C71-07-20200410@142105-R_Astrodon_2018_calib.fits|4C71-07|08 41 24.30|+70 53 42.0|130.3512|70.8950|1020.9466|1019.4925|R_Astrodon_2018|2458950.097986111|180.0|20.6415|1.9958|36.0387|1.6984
91|2020-04-10|19:21:05|DA406-20200410@192100-R_Astrodon_2018_calib.fits|DA406|16 13 41.00|+34 12 48.0|243.4208|34.2133|1003.8497|951.9534|R_Astrodon_2018|2458950.3063078704|180.0|20.9083|2.4504|77.5483|1.0250
92|2020-04-10|19:24:21|DA406-20200410@192420-R_Astrodon_2018_calib.fits|DA406|16 13 41.00|+34 12 48.0|243.4208|34.2133|1003.7008|951.3532|R_Astrodon_2018|2458950.3085763888|180.0|20.8917|2.5345|77.1722|1.0266
93|2020-04-10|14:32:22|Mkn421-20200410@143218-R_Astrodon_2018_calib.fits|Mkn421|11 04 27.30|+38 12 32.0|166.1137|38.2089|1028.2511|991.5344|R_Astrodon_2018|2458950.105810185|180.0|21.0818|2.2391|71.9864|1.0524
94|2020-04-10|14:35:42|Mkn421-20200410@143542-R_Astrodon_2018_calib.fits|Mkn421|11 04 27.30|+38 12 32.0|166.1137|38.2089|1029.6731|991.2677|R_Astrodon_2018|2458950.108125|180.0|21.0660|2.5116|71.5678|1.0552
95|2020-04-10|19:41:33|Mkn501-20200410@194132-R_Astrodon_2018_calib.fits|Mkn501|16 53 52.20|+39 45 37.0|253.4675|39.7603|1021.8395|1034.5297|R_Astrodon_2018|2458950.320520833|180.0|20.9283|2.5134|73.5938|1.0425
96|2020-04-10|19:44:49|Mkn501-20200410@194449-R_Astrodon_2018_calib.fits|Mkn501|16 53 52.20|+39 45 37.0|253.4675|39.7603|1022.5565|1032.5913|R_Astrodon_2018|2458950.322789352|180.0|20.9411|2.5259|73.4978|1.0432
97|2020-04-10|12:59:35|OJ248-20200410@125931-R_Astrodon_2018_calib.fits|OJ248|08 30 52.10|+24 11 00.0|127.7171|24.1833|1056.8393|996.0032|R_Astrodon_2018|2458950.041377315|180.0|20.8218|2.1368|65.0809|1.1065
98|2020-04-10|13:02:52|OJ248-20200410@130251-R_Astrodon_2018_calib.fits|OJ248|08 30 52.10|+24 11 00.0|127.7171|24.1833|1058.1600|997.1868|R_Astrodon_2018|2458950.0436574076|180.0|20.8318|2.0176|64.3320|1.1136
99|2020-04-10|14:09:02|OJ287-20200410@140858-R_Astrodon_2018_calib.fits|OJ287|08 54 48.90|+20 06 31.0|133.7037|20.1086|940.5246|871.5017|R_Astrodon_2018|2458950.0896064816|180.0|21.2380|1.9823|54.0169|1.2431
100|2020-04-10|14:12:18|OJ287-20200410@141218-R_Astrodon_2018_calib.fits|OJ287|08 54 48.90|+20 06 31.0|133.7037|20.1086|942.0381|872.7969|R_Astrodon_2018|2458950.091875|180.0|21.1491|2.4703|53.2664|1.2554
101|2020-04-10|12:43:30|OJ49-20200410@124325-R_Astrodon_2018_calib.fits|OJ49|08 31 48.90|+04 29 39.0|127.9537|4.4942|988.3252|1045.6813|R_Astrodon_2018|2458950.0302083334|180.0|20.8333|2.0849|60.8025|1.1499
102|2020-04-10|12:46:45|OJ49-20200410@124645-R_Astrodon_2018_calib.fits|OJ49|08 31 48.90|+04 29 39.0|127.9537|4.4942|989.7932|1046.4668|R_Astrodon_2018|2458950.0324652777|180.0|20.8169|2.0087|60.2013|1.1570
103|2020-04-10|18:37:35|ON231-20200410@183731-R_Astrodon_2018_calib.fits|ON231|12 21 31.70|+28 13 59.0|185.3821|28.2331|1024.0567|1024.4040|R_Astrodon_2018|2458950.276099537|180.0|20.4459|2.3227|41.2646|1.5285
104|2020-04-10|18:40:50|ON231-20200410@184050-R_Astrodon_2018_calib.fits|ON231|12 21 31.70|+28 13 59.0|185.3821|28.2331|1025.1405|1025.8447|R_Astrodon_2018|2458950.2783564813|180.0|20.5140|2.0921|40.5532|1.5511
105|2020-04-10|12:36:06|S0735+17-20200410@123602-R_Astrodon_2018_calib.fits|S0735+17|07 38 07.40|+17 42 19.0|114.5308|17.7053|992.5907|914.0527|R_Astrodon_2018|2458950.0250694444|180.0|21.2370|2.4410|57.2078|1.1956
106|2020-04-10|12:39:21|S0735+17-20200410@123921-R_Astrodon_2018_calib.fits|S0735+17|07 38 07.40|+17 42 19.0|114.5308|17.7053|993.5349|916.3878|R_Astrodon_2018|2458950.0273263888|180.0|21.2302|2.3023|56.4617|1.2061
107|2020-04-10|14:24:47|S4_0954+65-20200410@142447-R_Astrodon_2018_calib.fits|S4_0954+65|09 58 47.20|+65 33 55.0|149.6967|65.5653|1083.6111|1049.2077|R_Astrodon_2018|2458950.1005439814|180.0|20.5557|2.0016|44.5636|1.4239
108|2020-04-10|14:28:02|S4_0954+65-20200410@142801-R_Astrodon_2018_calib.fits|S4_0954+65|09 58 47.20|+65 33 55.0|149.6967|65.5653|1084.3026|1049.0499|R_Astrodon_2018|2458950.1028009257|180.0|20.5347|1.9839|44.3666|1.4291
109|2020-04-10|12:51:35|S5_0716+71-20200410@125130-R_Astrodon_2018_calib.fits|S5_0716+71|07 21 53.40|+71 20 36.0|110.4725|71.3433|1139.8842|1079.6380|R_Astrodon_2018|2458950.035821759|180.0|21.0462|2.0390|36.4144|1.6824
110|2020-04-10|12:54:50|S5_0716+71-20200410@125450-R_Astrodon_2018_calib.fits|S5_0716+71|07 21 53.40|+71 20 36.0|110.4725|71.3433|1139.4346|1079.2408|R_Astrodon_2018|2458950.038078704|180.0|21.0231|1.9882|36.2124|1.6906
111|2020-04-12|17:13:00|3C273-20200412@171256-R_Astrodon_2018_calib.fits|3C273|12 29 06.70|+02 03 09.0|187.2779|2.0525|972.6098|1078.5873|R_Astrodon_2018|2458952.217361111|180.0|21.2171|2.5150|51.3728|1.2877
112|2020-04-12|17:16:16|3C273-20200412@171616-R_Astrodon_2018_calib.fits|3C273|12 29 06.70|+02 03 09.0|187.2779|2.0525|974.5034|1079.3741|R_Astrodon_2018|2458952.2196296295|180.0|21.2374|2.4244|50.7117|1.3000
113|2020-04-12|17:20:23|3C279-20200412@172019-R_Astrodon_2018_calib.fits|3C279|12 56 11.10|-05 47 22.0|194.0462|-5.7894|1005.1215|1046.3073|R_Astrodon_2018|2458952.222488426|180.0|21.3207|2.5553|49.7651|1.3171
114|2020-04-12|17:23:38|3C279-20200412@172338-R_Astrodon_2018_calib.fits|3C279|12 56 11.10|-05 47 22.0|194.0462|-5.7894|1006.3888|1046.9355|R_Astrodon_2018|2458952.2247453704|180.0|21.3241|2.4704|49.2154|1.3283
115|2020-04-12|17:51:27|3C345-20200412@175127-R_Astrodon_2018_calib.fits|3C345|16 42 58.80|+39 48 37.0|250.7450|39.8103|1019.7421|1033.7594|R_Astrodon_2018|2458952.2440625|180.0|20.9269|2.4657|66.1306|1.0900
116|2020-04-12|17:54:42|3C345-20200412@175442-R_Astrodon_2018_calib.fits|3C345|16 42 58.80|+39 48 37.0|250.7450|39.8103|1019.3038|1035.2339|R_Astrodon_2018|2458952.2463194444|180.0|20.9715|2.5654|66.6256|1.0860
117|2020-04-12|19:36:29|3C371-20200412@193625-R_Astrodon_2018_calib.fits|3C371|18 06 50.70|+69 49 28.0|271.7112|69.8244|1023.4777|1028.6167|R_Astrodon_2018|2458952.3170023146|180.0|21.4324|2.9207|42.7681|1.4682
118|2020-04-12|19:39:44|3C371-20200412@193944-R_Astrodon_2018_calib.fits|3C371|18 06 50.70|+69 49 28.0|271.7112|69.8244|1024.7776|1031.2875|R_Astrodon_2018|2458952.3192592594|180.0|21.4484|2.4246|42.8581|1.4658
119|2020-04-12|16:58:38|4C29-45-20200412@165834-R_Astrodon_2018_calib.fits|4C29-45|11 59 31.80|+29 14 44.0|179.8825|29.2456|1001.5612|994.3278|R_Astrodon_2018|2458952.2073842594|180.0|21.5087|2.2802|56.4828|1.2053
120|2020-04-12|17:01:54|4C29-45-20200412@170153-R_Astrodon_2018_calib.fits|4C29-45|11 59 31.80|+29 14 44.0|179.8825|29.2456|1002.4308|995.2808|R_Astrodon_2018|2458952.2096527778|180.0|21.4869|2.1752|55.7683|1.2157
121|2020-04-12|17:44:40|4C38-41-20200412@174440-R_Astrodon_2018_calib.fits|4C38-41|16 35 15.50|+38 08 04.0|248.8146|38.1344|1021.3415|1029.1276|R_Astrodon_2018|2458952.239351852|180.0|21.2607|2.3364|67.2531|1.0809
122|2020-04-12|17:47:55|4C38-41-20200412@174755-R_Astrodon_2018_calib.fits|4C38-41|16 35 15.50|+38 08 04.0|248.8146|38.1344|1020.8326|1030.4903|R_Astrodon_2018|2458952.241608796|180.0|21.2217|2.4504|67.7783|1.0769
123|2020-04-12|18:05:40|4C51-37-20200412@180536-R_Astrodon_2018_calib.fits|4C51-37|17 40 37.00|+52 11 43.0|265.1542|52.1953|1013.4665|1069.1907|R_Astrodon_2018|2458952.2539351853|180.0|21.3845|2.2994|52.5851|1.2526
124|2020-04-12|18:08:56|4C51-37-20200412@180856-R_Astrodon_2018_calib.fits|4C51-37|17 40 37.00|+52 11 43.0|265.1542|52.1953|1013.5980|1069.9991|R_Astrodon_2018|2458952.2562037036|180.0|21.4179|2.4938|52.9778|1.2463
125|2020-04-12|14:51:51|4C71-07-20200412@145147-R_Astrodon_2018_calib.fits|4C71-07|08 41 24.30|+70 53 42.0|130.3512|70.8950|1088.9257|1068.9400|R_Astrodon_2018|2458952.1193402777|180.0|21.4675|4.0732|33.3376|1.8174
126|2020-04-12|14:55:07|4C71-07-20200412@145507-R_Astrodon_2018_calib.fits|4C71-07|08 41 24.30|+70 53 42.0|130.3512|70.8950|1088.8680|1069.2991|R_Astrodon_2018|2458952.121608796|180.0|21.4647|3.9409|33.0964|1.8293
127|2020-04-12|16:36:43|4C71-07-20200412@163639-R_Astrodon_2018_calib.fits|4C71-07|08 41 24.30|+70 53 42.0|130.3512|70.8950|1135.5875|1127.2579|R_Astrodon_2018|2458952.1921643517|180.0|21.5389|2.8815|25.0280|2.3598
128|2020-04-12|16:39:59|4C71-07-20200412@163959-R_Astrodon_2018_calib.fits|4C71-07|08 41 24.30|+70 53 42.0|130.3512|70.8950|1136.4429|1128.3242|R_Astrodon_2018|2458952.1944328705|180.0|21.5404|3.0397|24.7600|2.3837
129|2020-04-12|17:37:52|DA406-20200412@173747-R_Astrodon_2018_calib.fits|DA406|16 13 41.00|+34 12 48.0|243.4208|34.2133|969.6346|1011.4008|R_Astrodon_2018|2458952.2346296296|180.0|21.3901|2.4670|71.8933|1.0493
130|2020-04-12|17:41:08|DA406-20200412@174108-R_Astrodon_2018_calib.fits|DA406|16 13 41.00|+34 12 48.0|243.4208|34.2133|969.7872|1012.8311|R_Astrodon_2018|2458952.236898148|180.0|21.3883|2.5349|72.4626|1.0461
131|2020-04-12|17:29:55|KS1510-08-20200412@172951-R_Astrodon_2018_calib.fits|KS1510-08|15 12 50.50|-09 06 00.0|228.2104|-9.1000|1019.9816|1026.3604|R_Astrodon_2018|2458952.2291087965|180.0|21.1397|3.1975|57.2539|1.1888
132|2020-04-12|17:33:10|KS1510-08-20200412@173309-R_Astrodon_2018_calib.fits|KS1510-08|15 12 50.50|-09 06 00.0|228.2104|-9.1000|1018.7593|1029.6906|R_Astrodon_2018|2458952.2313657408|180.0|21.1925|2.8338|57.3272|1.1879
133|2020-04-12|19:44:40|L-Lacertae-20200412@194436-R_Astrodon_2018_calib.fits|L-Lacertae|22 02 43.30|+42 16 40.0|330.6804|42.2778|1021.1063|1019.5875|R_Astrodon_2018|2458952.3226851854|180.0|21.4149|3.2891|28.4052|2.0652
134|2020-04-12|19:47:55|L-Lacertae-20200412@194755-R_Astrodon_2018_calib.fits|L-Lacertae|22 02 43.30|+42 16 40.0|330.6804|42.2778|1021.1703|1018.2656|R_Astrodon_2018|2458952.3249421297|180.0|21.4295|2.8648|29.0040|2.0273
135|2020-04-12|16:51:15|Mkn421-20200412@165110-R_Astrodon_2018_calib.fits|Mkn421|11 04 27.30|+38 12 32.0|166.1137|38.2089|1085.2102|1017.5878|R_Astrodon_2018|2458952.2022569445|180.0|21.4086|3.3341|46.0484|1.3966
136|2020-04-12|16:54:30|Mkn421-20200412@165430-R_Astrodon_2018_calib.fits|Mkn421|11 04 27.30|+38 12 32.0|166.1137|38.2089|1086.0911|1019.4920|R_Astrodon_2018|2458952.204513889|180.0|21.4050|3.2323|45.4103|1.4123
137|2020-04-12|17:58:14|Mkn501-20200412@175813-R_Astrodon_2018_calib.fits|Mkn501|16 53 52.20|+39 45 37.0|253.4675|39.7603|1020.7761|1032.5457|R_Astrodon_2018|2458952.2487731483|180.0|21.4003|2.5181|65.5260|1.0950
138|2020-04-12|18:01:30|Mkn501-20200412@180129-R_Astrodon_2018_calib.fits|Mkn501|16 53 52.20|+39 45 37.0|253.4675|39.7603|1020.6081|1034.0240|R_Astrodon_2018|2458952.2510416666|180.0|21.4282|2.3284|66.0357|1.0907
139|2020-04-12|14:37:22|OJ248-20200412@143718-R_Astrodon_2018_calib.fits|OJ248|08 30 52.10|+24 11 00.0|127.7171|24.1833|1054.2950|1000.9833|R_Astrodon_2018|2458952.1092824074|180.0|20.8570|3.5600|41.1370|1.5318
140|2020-04-12|14:40:38|OJ248-20200412@144037-R_Astrodon_2018_calib.fits|OJ248|08 30 52.10|+24 11 00.0|127.7171|24.1833|1055.9684|1003.5995|R_Astrodon_2018|2458952.1115509258|180.0|20.7452|3.3228|40.4035|1.5551
141|2020-04-12|14:44:10|OJ287-20200412@144409-R_Astrodon_2018_calib.fits|OJ287|08 54 48.90|+20 06 31.0|133.7037|20.1086|1015.6348|1013.2021|R_Astrodon_2018|2458952.1140046297|180.0|21.4945|3.3772|44.1564|1.4460
142|2020-04-12|14:47:25|OJ287-20200412@144725-R_Astrodon_2018_calib.fits|OJ287|08 54 48.90|+20 06 31.0|133.7037|20.1086|1016.8643|1015.7579|R_Astrodon_2018|2458952.116261574|180.0|21.5532|3.4603|43.4130|1.4662
143|2020-04-12|14:21:45|OJ49-20200412@142141-R_Astrodon_2018_calib.fits|OJ49|08 31 48.90|+04 29 39.0|127.9537|4.4942|996.6301|1005.4161|R_Astrodon_2018|2458952.0984375|180.0|20.7561|4.0425|38.5958|1.6178
144|2020-04-12|14:25:01|OJ49-20200412@142501-R_Astrodon_2018_calib.fits|OJ49|08 31 48.90|+04 29 39.0|127.9537|4.4942|998.3144|1006.9781|R_Astrodon_2018|2458952.1007060185|180.0|20.8391|3.4407|37.8654|1.6448
145|2020-04-12|17:05:27|ON231-20200412@170527-R_Astrodon_2018_calib.fits|ON231|12 21 31.70|+28 13 59.0|185.3821|28.2331|1017.7795|1016.4014|R_Astrodon_2018|2458952.2121180557|180.0|21.3488|2.3790|59.8278|1.1617
146|2020-04-12|17:08:42|ON231-20200412@170842-R_Astrodon_2018_calib.fits|ON231|12 21 31.70|+28 13 59.0|185.3821|28.2331|1018.8549|1017.3251|R_Astrodon_2018|2458952.214375|180.0|21.3788|2.3730|59.1102|1.1706
147|2020-04-12|14:14:19|S0735+17-20200412@141415-R_Astrodon_2018_calib.fits|S0735+17|07 38 07.40|+17 42 19.0|114.5308|17.7053|953.6636|942.3664|R_Astrodon_2018|2458952.0932754627|180.0|20.6268|3.7334|32.8580|1.8619
148|2020-04-12|14:17:34|S0735+17-20200412@141734-R_Astrodon_2018_calib.fits|S0735+17|07 38 07.40|+17 42 19.0|114.5308|17.7053|955.4712|944.2239|R_Astrodon_2018|2458952.0955324075|180.0|20.9896|3.3649|32.1158|1.9014
149|2020-04-12|14:58:49|S4_0954+65-20200412@145848-R_Astrodon_2018_calib.fits|S4_0954+65|09 58 47.20|+65 33 55.0|149.6967|65.5653|1071.9453|1026.2845|R_Astrodon_2018|2458952.1241782405|180.0|20.9977|3.4136|41.6819|1.5034
150|2020-04-12|15:02:04|S4_0954+65-20200412@150204-R_Astrodon_2018_calib.fits|S4_0954+65|09 58 47.20|+65 33 55.0|149.6967|65.5653|1071.8157|1026.6688|R_Astrodon_2018|2458952.1264351853|180.0|20.9666|3.4669|41.4300|1.5109
151|2020-04-12|16:43:40|S4_0954+65-20200412@164339-R_Astrodon_2018_calib.fits|S4_0954+65|09 58 47.20|+65 33 55.0|149.6967|65.5653|1127.3216|1077.2894|R_Astrodon_2018|2458952.196990741|180.0|20.9465|2.9456|32.1573|1.8806
152|2020-04-12|16:46:55|S4_0954+65-20200412@164654-R_Astrodon_2018_calib.fits|S4_0954+65|09 58 47.20|+65 33 55.0|149.6967|65.5653|1127.8928|1078.9290|R_Astrodon_2018|2458952.1992476853|180.0|20.9676|2.7208|31.8302|1.8982
153|2020-04-12|14:29:37|S5_0716+71-20200412@142932-R_Astrodon_2018_calib.fits|S5_0716+71|07 21 53.40|+71 20 36.0|110.4725|71.3433|1123.2775|1089.8164|R_Astrodon_2018|2458952.103900463|180.0|21.4463|3.7394|28.8291|2.0702
154|2020-04-12|14:32:52|S5_0716+71-20200412@143252-R_Astrodon_2018_calib.fits|S5_0716+71|07 21 53.40|+71 20 36.0|110.4725|71.3433|1123.2316|1089.8959|R_Astrodon_2018|2458952.1061574076|180.0|21.4881|3.9303|28.5738|2.0873
155|2020-04-13|19:07:18|3C273-20200413@190714-R_Astrodon_2018_calib.fits|3C273|12 29 06.70|+02 03 09.0|187.2779|2.0525|989.2995|1072.2701|R_Astrodon_2018|2458953.296736111|180.0|20.2237|2.3075|25.6311|2.3434
156|2020-04-13|19:10:33|3C273-20200413@191032-R_Astrodon_2018_calib.fits|3C273|12 29 06.70|+02 03 09.0|187.2779|2.0525|990.9976|1072.7717|R_Astrodon_2018|2458953.2989930557|180.0|20.3864|2.5751|24.8937|2.4097
157|2020-04-13|19:14:39|3C279-20200413@191434-R_Astrodon_2018_calib.fits|3C279|12 56 11.10|-05 47 22.0|194.0462|-5.7894|1009.2027|1025.2426|R_Astrodon_2018|2458953.301840278|180.0|20.5860|2.4611|26.3889|2.2795
158|2020-04-13|19:17:54|3C279-20200413@191754-R_Astrodon_2018_calib.fits|3C279|12 56 11.10|-05 47 22.0|194.0462|-5.7894|1011.2672|1025.0741|R_Astrodon_2018|2458953.304097222|180.0|20.6636|2.4825|25.6847|2.3390
159|2020-04-13|13:52:15|4C29-45-20200413@135211-R_Astrodon_2018_calib.fits|4C29-45|11 59 31.80|+29 14 44.0|179.8825|29.2456|1024.2152|1028.3727|R_Astrodon_2018|2458953.077951389|180.0|21.3888|3.5089|80.2791|1.0132
160|2020-04-13|13:55:30|4C29-45-20200413@135530-R_Astrodon_2018_calib.fits|4C29-45|11 59 31.80|+29 14 44.0|179.8825|29.2456|1024.4088|1030.7931|R_Astrodon_2018|2458953.080208333|180.0|21.4111|3.0893|80.8552|1.0117
161|2020-04-13|13:28:25|4C71-07-20200413@132820-R_Astrodon_2018_calib.fits|4C71-07|08 41 24.30|+70 53 42.0|130.3512|70.8950|1095.4091|1080.0153|R_Astrodon_2018|2458953.061400463|180.0|21.5338|2.6368|38.5188|1.6032
162|2020-04-13|13:31:41|4C71-07-20200413@133141-R_Astrodon_2018_calib.fits|4C71-07|08 41 24.30|+70 53 42.0|130.3512|70.8950|1095.1612|1079.8576|R_Astrodon_2018|2458953.0636689817|180.0|21.5229|2.4371|38.3377|1.6098
163|2020-04-13|19:29:59|DA406-20200413@192955-R_Astrodon_2018_calib.fits|DA406|16 13 41.00|+34 12 48.0|243.4208|34.2133|1089.9161|942.6141|R_Astrodon_2018|2458953.312488426|180.0|21.1241|2.8561|74.7511|1.0381
164|2020-04-13|19:22:17|KS1510-08-20200413@192212-R_Astrodon_2018_calib.fits|KS1510-08|15 12 50.50|-09 06 00.0|228.2104|-9.1000|977.0430|942.9473|R_Astrodon_2018|2458953.307141204|180.0|20.9148|2.3221|48.8800|1.3338
165|2020-04-13|19:25:32|KS1510-08-20200413@192531-R_Astrodon_2018_calib.fits|KS1510-08|15 12 50.50|-09 06 00.0|228.2104|-9.1000|978.3899|943.4232|R_Astrodon_2018|2458953.309398148|180.0|20.9107|2.2290|48.3891|1.3442
166|2020-04-13|13:42:58|Mkn421-20200413@134254-R_Astrodon_2018_calib.fits|Mkn421|11 04 27.30|+38 12 32.0|166.1137|38.2089|1014.4249|1020.4831|R_Astrodon_2018|2458953.0715046297|180.0|21.3689|3.3263|75.0795|1.0347
167|2020-04-13|13:46:14|Mkn421-20200413@134614-R_Astrodon_2018_calib.fits|Mkn421|11 04 27.30|+38 12 32.0|166.1137|38.2089|1016.2000|1018.9602|R_Astrodon_2018|2458953.073773148|180.0|21.3808|3.3111|74.9553|1.0354
168|2020-04-13|13:13:40|OJ248-20200413@131335-R_Astrodon_2018_calib.fits|OJ248|08 30 52.10|+24 11 00.0|127.7171|24.1833|1055.2768|997.7841|R_Astrodon_2018|2458953.0511574075|180.0|21.0974|2.9538|59.1842|1.1695
169|2020-04-13|13:16:55|OJ248-20200413@131655-R_Astrodon_2018_calib.fits|OJ248|08 30 52.10|+24 11 00.0|127.7171|24.1833|1056.8085|998.9887|R_Astrodon_2018|2458953.053414352|180.0|21.0869|3.0263|58.4448|1.1789
170|2020-04-13|13:20:28|OJ287-20200413@132027-R_Astrodon_2018_calib.fits|OJ287|08 54 48.90|+20 06 31.0|133.7037|20.1086|1013.7941|1023.1489|R_Astrodon_2018|2458953.0558796297|180.0|21.6550|2.9720|62.4706|1.1322
171|2020-04-13|13:23:43|OJ287-20200413@132342-R_Astrodon_2018_calib.fits|OJ287|08 54 48.90|+20 06 31.0|133.7037|20.1086|1015.1030|1024.2414|R_Astrodon_2018|2458953.058136574|180.0|21.6440|2.9006|61.7234|1.1403
172|2020-04-13|12:57:36|OJ49-20200413@125732-R_Astrodon_2018_calib.fits|OJ49|08 31 48.90|+04 29 39.0|127.9537|4.4942|989.0963|1035.9862|R_Astrodon_2018|2458953.04|180.0|21.1000|3.1468|55.8065|1.2149
173|2020-04-13|13:00:51|OJ49-20200413@130051-R_Astrodon_2018_calib.fits|OJ49|08 31 48.90|+04 29 39.0|127.9537|4.4942|991.0693|1037.3837|R_Astrodon_2018|2458953.0422569443|180.0|21.1219|2.9819|55.1511|1.2248
174|2020-04-13|18:59:44|ON231-20200413@185940-R_Astrodon_2018_calib.fits|ON231|12 21 31.70|+28 13 59.0|185.3821|28.2331|1083.9891|1028.5834|R_Astrodon_2018|2458953.2914814814|180.0|20.8673|2.6430|33.8617|1.8128
175|2020-04-13|19:03:00|ON231-20200413@190259-R_Astrodon_2018_calib.fits|ON231|12 21 31.70|+28 13 59.0|185.3821|28.2331|1084.3921|1030.0081|R_Astrodon_2018|2458953.29375|180.0|20.0844|2.5203|33.1529|1.8477
176|2020-04-13|12:25:14|S0735+17-20200413@122510-R_Astrodon_2018_calib.fits|S0735+17|07 38 07.40|+17 42 19.0|114.5308|17.7053|943.2295|927.7018|R_Astrodon_2018|2458953.017523148|180.0|21.4752|3.3289|56.9946|1.1984
177|2020-04-13|12:53:25|S0735+17-20200413@125321-R_Astrodon_2018_calib.fits|S0735+17|07 38 07.40|+17 42 19.0|114.5308|17.7053|989.7128|849.6720|R_Astrodon_2018|2458953.0370949074|180.0|21.3058|3.2442|50.5180|1.3043
178|2020-04-13|13:35:23|S4_0954+65-20200413@133522-R_Astrodon_2018_calib.fits|S4_0954+65|09 58 47.20|+65 33 55.0|149.6967|65.5653|1072.6108|1058.9584|R_Astrodon_2018|2458953.066238426|180.0|20.9624|2.6399|46.4687|1.3775
179|2020-04-13|13:38:38|S4_0954+65-20200413@133838-R_Astrodon_2018_calib.fits|S4_0954+65|09 58 47.20|+65 33 55.0|149.6967|65.5653|1073.4109|1058.6637|R_Astrodon_2018|2458953.0684953704|180.0|20.9912|2.7487|46.3329|1.3807
180|2020-04-13|13:05:39|S5_0716+71-20200413@130535-R_Astrodon_2018_calib.fits|S5_0716+71|07 21 53.40|+71 20 36.0|110.4725|71.3433|1135.9148|1082.2147|R_Astrodon_2018|2458953.0455902778|180.0|21.4466|2.8836|34.7397|1.7526
181|2020-04-13|13:08:55|S5_0716+71-20200413@130855-R_Astrodon_2018_calib.fits|S5_0716+71|07 21 53.40|+71 20 36.0|110.4725|71.3433|1135.4983|1082.5063|R_Astrodon_2018|2458953.047858796|180.0|21.4630|2.7374|34.5180|1.7625
182|2020-04-15|16:14:06|3C273-20200415@161402-R_Astrodon_2018_calib.fits|3C273|12 29 06.70|+02 03 09.0|187.2779|2.0525|966.9329|1087.6425|R_Astrodon_2018|2458955.176458333|180.0|21.2648|2.2244|60.1970|1.1568
183|2020-04-15|16:17:21|3C273-20200415@161721-R_Astrodon_2018_calib.fits|3C273|12 29 06.70|+02 03 09.0|187.2779|2.0525|968.6933|1088.1834|R_Astrodon_2018|2458955.178715278|180.0|21.2346|2.0433|59.6434|1.1636
184|2020-04-15|16:21:30|3C279-20200415@162126-R_Astrodon_2018_calib.fits|3C279|12 56 11.10|-05 47 22.0|194.0462|-5.7894|1006.0379|1051.2143|R_Astrodon_2018|2458955.181597222|180.0|21.2952|2.0781|56.6050|1.2018
185|2020-04-15|16:24:45|3C279-20200415@162445-R_Astrodon_2018_calib.fits|3C279|12 56 11.10|-05 47 22.0|194.0462|-5.7894|1007.5321|1050.8251|R_Astrodon_2018|2458955.183854167|180.0|21.2796|2.0224|56.2144|1.2075
186|2020-04-15|14:18:08|3C345-20200415@141804-R_Astrodon_2018_calib.fits|3C345|16 42 58.80|+39 48 37.0|250.7450|39.8103|1023.5398|1021.9565|R_Astrodon_2018|2458955.0959259258|180.0|20.7353|2.8642|28.8684|2.0344
187|2020-04-15|14:21:23|3C345-20200415@142123-R_Astrodon_2018_calib.fits|3C345|16 42 58.80|+39 48 37.0|250.7450|39.8103|1024.3360|1020.4660|R_Astrodon_2018|2458955.0981828705|180.0|-9999.0000|-9999.0000|29.4890|1.9958
188|2020-04-15|16:52:26|3C345-20200415@165225-R_Astrodon_2018_calib.fits|3C345|16 42 58.80|+39 48 37.0|250.7450|39.8103|1020.3791|1035.5039|R_Astrodon_2018|2458955.2030787035|180.0|20.9645|2.0470|58.1623|1.1709
189|2020-04-15|16:55:40|3C345-20200415@165540-R_Astrodon_2018_calib.fits|3C345|16 42 58.80|+39 48 37.0|250.7450|39.8103|1020.2639|1036.2642|R_Astrodon_2018|2458955.2053240743|180.0|20.9300|2.1657|58.7416|1.1638
190|2020-04-15|17:14:09|3C371-20200415@171404-R_Astrodon_2018_calib.fits|3C371|18 06 50.70|+69 49 28.0|271.7112|69.8244|1012.8226|1114.1799|R_Astrodon_2018|2458955.218159722|180.0|21.1874|2.2859|35.8449|1.6935
191|2020-04-15|17:17:24|3C371-20200415@171724-R_Astrodon_2018_calib.fits|3C371|18 06 50.70|+69 49 28.0|271.7112|69.8244|1013.1318|1115.3174|R_Astrodon_2018|2458955.2204166665|180.0|21.1380|2.2887|36.0800|1.6842
192|2020-04-15|15:59:47|4C29-45-20200415@155942-R_Astrodon_2018_calib.fits|4C29-45|11 59 31.80|+29 14 44.0|179.8825|29.2456|1019.0785|809.3496|R_Astrodon_2018|2458955.166516204|180.0|21.5177|2.1320|66.7364|1.0923
193|2020-04-15|16:03:02|4C29-45-20200415@160302-R_Astrodon_2018_calib.fits|4C29-45|11 59 31.80|+29 14 44.0|179.8825|29.2456|1019.2994|810.6996|R_Astrodon_2018|2458955.168773148|180.0|21.4559|1.8961|66.0326|1.0984
194|2020-04-15|16:45:38|4C38-41-20200415@164538-R_Astrodon_2018_calib.fits|4C38-41|16 35 15.50|+38 08 04.0|248.8146|38.1344|1022.0533|1030.9054|R_Astrodon_2018|2458955.1983564813|180.0|21.2265|1.8703|58.8980|1.1618
195|2020-04-15|16:48:53|4C38-41-20200415@164853-R_Astrodon_2018_calib.fits|4C38-41|16 35 15.50|+38 08 04.0|248.8146|38.1344|1021.8070|1031.4609|R_Astrodon_2018|2458955.200613426|180.0|21.2277|2.2058|59.5034|1.1546
196|2020-04-15|17:06:40|4C51-37-20200415@170636-R_Astrodon_2018_calib.fits|4C51-37|17 40 37.00|+52 11 43.0|265.1542|52.1953|1015.2219|1075.5606|R_Astrodon_2018|2458955.212962963|180.0|21.4371|2.2928|46.3760|1.3712
197|2020-04-15|17:09:56|4C51-37-20200415@170956-R_Astrodon_2018_calib.fits|4C51-37|17 40 37.00|+52 11 43.0|265.1542|52.1953|1015.3235|1075.8219|R_Astrodon_2018|2458955.2152314815|180.0|21.4023|2.2340|46.8321|1.3610
198|2020-04-15|13:55:00|4C71-07-20200415@135455-R_Astrodon_2018_calib.fits|4C71-07|08 41 24.30|+70 53 42.0|130.3512|70.8950|1090.6908|1078.8596|R_Astrodon_2018|2458955.079861111|180.0|21.4487|2.1575|36.4582|1.6806
199|2020-04-15|13:58:17|4C71-07-20200415@135816-R_Astrodon_2018_calib.fits|4C71-07|08 41 24.30|+70 53 42.0|130.3512|70.8950|1090.1751|1078.8304|R_Astrodon_2018|2458955.082141204|180.0|21.4394|2.1568|36.2456|1.6892
200|2020-04-15|20:30:22|CTA102-20200415@203018-R_Astrodon_2018_calib.fits|CTA102|22 32 36.40|+11 43 51.0|338.1517|11.7308|1036.4633|1022.4569|R_Astrodon_2018|2458955.354421296|180.0|-9999.0000|-9999.0000|27.2110|2.1395
201|2020-04-15|16:38:52|DA406-20200415@163847-R_Astrodon_2018_calib.fits|DA406|16 13 41.00|+34 12 48.0|243.4208|34.2133|970.7795|1014.8841|R_Astrodon_2018|2458955.1936574075|180.0|21.2906|2.3541|62.9163|1.1181
202|2020-04-15|16:42:07|DA406-20200415@164207-R_Astrodon_2018_calib.fits|DA406|16 13 41.00|+34 12 48.0|243.4208|34.2133|970.9172|1015.3693|R_Astrodon_2018|2458955.195914352|180.0|21.3369|1.9663|63.5633|1.1118
203|2020-04-15|16:31:01|KS1510-08-20200415@163058-R_Astrodon_2018_calib.fits|KS1510-08|15 12 50.50|-09 06 00.0|228.2104|-9.1000|1019.5104|1025.3019|R_Astrodon_2018|2458955.1882060184|180.0|21.1295|2.4771|54.1634|1.2307
204|2020-04-15|16:34:17|KS1510-08-20200415@163417-R_Astrodon_2018_calib.fits|KS1510-08|15 12 50.50|-09 06 00.0|228.2104|-9.1000|1018.2108|1027.5023|R_Astrodon_2018|2458955.190474537|180.0|21.1863|2.3635|54.4900|1.2258
205|2020-04-15|20:22:46|L-Lacertae-20200415@202242-R_Astrodon_2018_calib.fits|L-Lacertae|22 02 43.30|+42 16 40.0|330.6804|42.2778|1021.4066|1023.0051|R_Astrodon_2018|2458955.3491435186|180.0|21.3752|2.6553|37.6402|1.6189
206|2020-04-15|20:26:01|L-Lacertae-20200415@202601-R_Astrodon_2018_calib.fits|L-Lacertae|22 02 43.30|+42 16 40.0|330.6804|42.2778|1021.0547|1022.0175|R_Astrodon_2018|2458955.351400463|180.0|21.1785|2.6005|38.2428|1.5973
207|2020-04-15|14:09:32|Mkn421-20200415@140928-R_Astrodon_2018_calib.fits|Mkn421|11 04 27.30|+38 12 32.0|166.1137|38.2089|1015.0098|993.5310|R_Astrodon_2018|2458955.089953704|180.0|21.3797|2.5827|72.3676|1.0501
208|2020-04-15|14:12:48|Mkn421-20200415@141247-R_Astrodon_2018_calib.fits|Mkn421|11 04 27.30|+38 12 32.0|166.1137|38.2089|1015.4038|993.2013|R_Astrodon_2018|2458955.092222222|180.0|21.3980|2.6202|71.9750|1.0526
209|2020-04-15|16:59:12|Mkn501-20200415@165912-R_Astrodon_2018_calib.fits|Mkn501|16 53 52.20|+39 45 37.0|253.4675|39.7603|1021.3829|1035.9191|R_Astrodon_2018|2458955.2077777777|180.0|21.3306|2.1191|57.4411|1.1800
210|2020-04-15|17:02:28|Mkn501-20200415@170228-R_Astrodon_2018_calib.fits|Mkn501|16 53 52.20|+39 45 37.0|253.4675|39.7603|1021.1659|1037.4058|R_Astrodon_2018|2458955.2100462965|180.0|21.3367|2.7002|58.0314|1.1724
211|2020-04-15|13:40:14|OJ248-20200415@134010-R_Astrodon_2018_calib.fits|OJ248|08 30 52.10|+24 11 00.0|127.7171|24.1833|1055.6576|998.2177|R_Astrodon_2018|2458955.0696064816|180.0|21.0763|2.5248|51.3665|1.2875
212|2020-04-15|13:43:30|OJ248-20200415@134329-R_Astrodon_2018_calib.fits|OJ248|08 30 52.10|+24 11 00.0|127.7171|24.1833|1056.9997|999.8369|R_Astrodon_2018|2458955.071875|180.0|21.1147|2.2058|50.6267|1.3013
213|2020-04-15|13:47:04|OJ287-20200415@134703-R_Astrodon_2018_calib.fits|OJ287|08 54 48.90|+20 06 31.0|133.7037|20.1086|1015.2703|1016.8772|R_Astrodon_2018|2458955.074351852|180.0|21.6308|2.2661|54.5471|1.2341
214|2020-04-15|13:50:19|OJ287-20200415@135018-R_Astrodon_2018_calib.fits|OJ287|08 54 48.90|+20 06 31.0|133.7037|20.1086|1016.1657|1018.5536|R_Astrodon_2018|2458955.076608796|180.0|21.6710|2.8037|53.8004|1.2462
215|2020-04-15|13:24:36|OJ49-20200415@132432-R_Astrodon_2018_calib.fits|OJ49|08 31 48.90|+04 29 39.0|127.9537|4.4942|996.1943|1016.5384|R_Astrodon_2018|2458955.05875|180.0|20.9708|2.3241|48.5462|1.3431
216|2020-04-15|13:27:52|OJ49-20200415@132751-R_Astrodon_2018_calib.fits|OJ49|08 31 48.90|+04 29 39.0|127.9537|4.4942|997.8716|1017.7857|R_Astrodon_2018|2458955.0610185186|180.0|20.9475|2.4139|47.8446|1.3582
217|2020-04-15|15:51:55|OJ49-20200415@155151-R_Astrodon_2018_calib.fits|OJ49|08 31 48.90|+04 29 39.0|127.9537|4.4942|1071.8842|1206.4994|R_Astrodon_2018|2458955.1610532408|180.0|19.0325|3.8442|15.3868|3.8260
218|2020-04-15|15:55:13|OJ49-20200415@155513-R_Astrodon_2018_calib.fits|OJ49|08 31 48.90|+04 29 39.0|127.9537|4.4942|1076.0281|1201.1605|R_Astrodon_2018|2458955.1633449076|180.0|18.7130|4.1719|14.6283|4.0219
219|2020-04-15|16:06:34|ON231-20200415@160634-R_Astrodon_2018_calib.fits|ON231|12 21 31.70|+28 13 59.0|185.3821|28.2331|1014.6129|1024.4296|R_Astrodon_2018|2458955.1712268516|180.0|21.3139|2.1883|70.1826|1.0658
220|2020-04-15|16:09:49|ON231-20200415@160949-R_Astrodon_2018_calib.fits|ON231|12 21 31.70|+28 13 59.0|185.3821|28.2331|1015.1925|1025.1841|R_Astrodon_2018|2458955.1734837964|180.0|21.3135|2.0966|69.4730|1.0708
221|2020-04-15|13:17:09|S0735+17-20200415@131705-R_Astrodon_2018_calib.fits|S0735+17|07 38 07.40|+17 42 19.0|114.5308|17.7053|1024.4793|1023.6417|R_Astrodon_2018|2458955.053576389|180.0|21.3636|2.3089|43.2548|1.4702
222|2020-04-15|13:20:25|S0735+17-20200415@132025-R_Astrodon_2018_calib.fits|S0735+17|07 38 07.40|+17 42 19.0|114.5308|17.7053|1026.1422|1024.9429|R_Astrodon_2018|2458955.055844907|180.0|21.2198|2.3498|42.5045|1.4917
223|2020-04-15|14:01:58|S4_0954+65-20200415@140158-R_Astrodon_2018_calib.fits|S4_0954+65|09 58 47.20|+65 33 55.0|149.6967|65.5653|1071.2558|1050.5007|R_Astrodon_2018|2458955.0846990743|180.0|20.9925|2.1206|44.7504|1.4192
224|2020-04-15|14:05:13|S4_0954+65-20200415@140513-R_Astrodon_2018_calib.fits|S4_0954+65|09 58 47.20|+65 33 55.0|149.6967|65.5653|1071.5231|1050.5508|R_Astrodon_2018|2458955.0869560186|180.0|20.9408|2.0456|44.5581|1.4242
225|2020-04-15|13:32:29|S5_0716+71-20200415@133225-R_Astrodon_2018_calib.fits|S5_0716+71|07 21 53.40|+71 20 36.0|110.4725|71.3433|1128.6273|1087.7225|R_Astrodon_2018|2458955.064224537|180.0|21.4170|2.8231|32.2861|1.8695
226|2020-04-15|13:35:44|S5_0716+71-20200415@133544-R_Astrodon_2018_calib.fits|S5_0716+71|07 21 53.40|+71 20 36.0|110.4725|71.3433|1128.5241|1088.0461|R_Astrodon_2018|2458955.0664814813|180.0|21.4237|2.5771|32.0464|1.8821
227|2020-04-16|14:08:00|3C273-20200416@140755-R_Astrodon_2018_calib.fits|3C273|12 29 06.70|+02 03 09.0|187.2779|2.0525|1062.1920|1019.3308|R_Astrodon_2018|2458956.0888888887|180.0|21.2424|2.5007|66.7950|1.0870
228|2020-04-16|14:11:15|3C273-20200416@141115-R_Astrodon_2018_calib.fits|3C273|12 29 06.70|+02 03 09.0|187.2779|2.0525|1060.7893|1021.9413|R_Astrodon_2018|2458956.0911458335|180.0|21.2747|2.2913|67.0873|1.0848
229|2020-04-16|14:15:21|3C279-20200416@141517-R_Astrodon_2018_calib.fits|3C279|12 56 11.10|-05 47 22.0|194.0462|-5.7894|1029.3608|1031.6613|R_Astrodon_2018|2458956.0939930556|180.0|21.3897|2.1670|57.6442|1.1817
230|2020-04-16|14:18:37|3C279-20200416@141837-R_Astrodon_2018_calib.fits|3C279|12 56 11.10|-05 47 22.0|194.0462|-5.7894|1028.2184|1033.6651|R_Astrodon_2018|2458956.096261574|180.0|21.3876|2.5200|57.9774|1.1776
231|2020-04-16|17:02:20|3C345-20200416@170219-R_Astrodon_2018_calib.fits|3C345|16 42 58.80|+39 48 37.0|250.7450|39.8103|1022.7605|1036.7989|R_Astrodon_2018|2458956.209953704|180.0|20.9926|1.9684|60.6133|1.1424
232|2020-04-16|17:05:34|3C345-20200416@170534-R_Astrodon_2018_calib.fits|3C345|16 42 58.80|+39 48 37.0|250.7450|39.8103|1022.5683|1037.3971|R_Astrodon_2018|2458956.212199074|180.0|20.9989|2.0071|61.1750|1.1362
233|2020-04-16|13:53:35|4C29-45-20200416@135331-R_Astrodon_2018_calib.fits|4C29-45|11 59 31.80|+29 14 44.0|179.8825|29.2456|1023.5207|1027.8179|R_Astrodon_2018|2458956.078877315|180.0|21.4995|2.6130|82.4427|1.0079
234|2020-04-16|13:56:51|4C29-45-20200416@135651-R_Astrodon_2018_calib.fits|4C29-45|11 59 31.80|+29 14 44.0|179.8825|29.2456|1023.4242|1030.5616|R_Astrodon_2018|2458956.0811458332|180.0|21.5219|2.6396|82.8932|1.0070
235|2020-04-16|16:55:34|4C38-41-20200416@165533-R_Astrodon_2018_calib.fits|4C38-41|16 35 15.50|+38 08 04.0|248.8146|38.1344|1023.4773|1031.6311|R_Astrodon_2018|2458956.2052546297|180.0|21.2933|1.9260|61.4565|1.1332
236|2020-04-16|16:58:49|4C38-41-20200416@165849-R_Astrodon_2018_calib.fits|4C38-41|16 35 15.50|+38 08 04.0|248.8146|38.1344|1023.7195|1032.6452|R_Astrodon_2018|2458956.207511574|180.0|21.2877|2.0509|62.0462|1.1270
237|2020-04-16|17:16:34|4C51-37-20200416@171630-R_Astrodon_2018_calib.fits|4C51-37|17 40 37.00|+52 11 43.0|265.1542|52.1953|1017.4622|1076.4439|R_Astrodon_2018|2458956.219837963|180.0|21.5439|2.2475|48.2842|1.3307
238|2020-04-16|17:19:50|4C51-37-20200416@171950-R_Astrodon_2018_calib.fits|4C51-37|17 40 37.00|+52 11 43.0|265.1542|52.1953|1017.8310|1077.3085|R_Astrodon_2018|2458956.2221064814|180.0|21.5433|1.9380|48.7255|1.3219
239|2020-04-16|13:29:38|4C71-07-20200416@132934-R_Astrodon_2018_calib.fits|4C71-07|08 41 24.30|+70 53 42.0|130.3512|70.8950|1088.5373|1090.0937|R_Astrodon_2018|2458956.0622453704|180.0|21.6449|2.1712|37.7790|1.6300
240|2020-04-16|13:32:54|4C71-07-20200416@133254-R_Astrodon_2018_calib.fits|4C71-07|08 41 24.30|+70 53 42.0|130.3512|70.8950|1088.0664|1090.0527|R_Astrodon_2018|2458956.0645138887|180.0|21.6474|2.0510|37.5856|1.6372
241|2020-04-16|16:48:44|DA406-20200416@164840-R_Astrodon_2018_calib.fits|DA406|16 13 41.00|+34 12 48.0|243.4208|34.2133|980.8684|1020.1482|R_Astrodon_2018|2458956.2005092595|180.0|21.4331|2.1879|65.6424|1.0934
242|2020-04-16|16:52:01|DA406-20200416@165200-R_Astrodon_2018_calib.fits|DA406|16 13 41.00|+34 12 48.0|243.4208|34.2133|981.6638|1020.9963|R_Astrodon_2018|2458956.202789352|180.0|21.4194|2.0216|66.2819|1.0880
243|2020-04-16|16:40:59|KS1510-08-20200416@164054-R_Astrodon_2018_calib.fits|KS1510-08|15 12 50.50|-09 06 00.0|228.2104|-9.1000|1033.1193|945.7431|R_Astrodon_2018|2458956.195127315|180.0|21.2492|2.5109|55.4458|1.2123
244|2020-04-16|16:44:14|KS1510-08-20200416@164414-R_Astrodon_2018_calib.fits|KS1510-08|15 12 50.50|-09 06 00.0|228.2104|-9.1000|1032.2485|948.4640|R_Astrodon_2018|2458956.197384259|180.0|21.2498|2.3924|55.7037|1.2086
245|2020-04-16|13:44:07|Mkn421-20200416@134403-R_Astrodon_2018_calib.fits|Mkn421|11 04 27.30|+38 12 32.0|166.1137|38.2089|1010.4828|1011.5258|R_Astrodon_2018|2458956.0723032407|180.0|21.4440|2.6351|74.4083|1.0384
246|2020-04-16|13:47:27|Mkn421-20200416@134727-R_Astrodon_2018_calib.fits|Mkn421|11 04 27.30|+38 12 32.0|166.1137|38.2089|1012.2254|1010.4608|R_Astrodon_2018|2458956.0746180555|180.0|21.4426|2.3515|74.1615|1.0397
247|2020-04-16|17:09:05|Mkn501-20200416@170905-R_Astrodon_2018_calib.fits|Mkn501|16 53 52.20|+39 45 37.0|253.4675|39.7603|1023.0885|1036.2349|R_Astrodon_2018|2458956.2146412036|180.0|21.4425|2.0497|59.9128|1.1502
248|2020-04-16|17:12:21|Mkn501-20200416@171220-R_Astrodon_2018_calib.fits|Mkn501|16 53 52.20|+39 45 37.0|253.4675|39.7603|1022.7914|1036.9016|R_Astrodon_2018|2458956.2169097224|180.0|21.4488|2.1645|60.4869|1.1437
249|2020-04-16|13:14:53|OJ248-20200416@131449-R_Astrodon_2018_calib.fits|OJ248|08 30 52.10|+24 11 00.0|127.7171|24.1833|1051.5901|999.6331|R_Astrodon_2018|2458956.052002315|180.0|21.2086|2.4725|56.2256|1.2089
250|2020-04-16|13:18:09|OJ248-20200416@131808-R_Astrodon_2018_calib.fits|OJ248|08 30 52.10|+24 11 00.0|127.7171|24.1833|1053.1126|1000.7714|R_Astrodon_2018|2458956.0542708333|180.0|21.2212|2.1571|55.4835|1.2198
251|2020-04-16|13:21:42|OJ287-20200416@132142-R_Astrodon_2018_calib.fits|OJ287|08 54 48.90|+20 06 31.0|133.7037|20.1086|1016.1621|1018.9803|R_Astrodon_2018|2458956.056736111|180.0|21.7231|2.1979|59.4748|1.1661
252|2020-04-16|13:24:58|OJ287-20200416@132458-R_Astrodon_2018_calib.fits|OJ287|08 54 48.90|+20 06 31.0|133.7037|20.1086|1017.4088|1020.3464|R_Astrodon_2018|2458956.0590046295|180.0|21.7232|2.1735|58.7237|1.1756
253|2020-04-16|12:59:04|OJ49-20200416@125900-R_Astrodon_2018_calib.fits|OJ49|08 31 48.90|+04 29 39.0|127.9537|4.4942|1003.0139|1018.2809|R_Astrodon_2018|2458956.0410185186|180.0|21.1874|2.5461|53.1009|1.2575
254|2020-04-16|13:02:21|OJ49-20200416@130220-R_Astrodon_2018_calib.fits|OJ49|08 31 48.90|+04 29 39.0|127.9537|4.4942|1004.5175|1019.5806|R_Astrodon_2018|2458956.043298611|180.0|21.1866|2.3153|52.4192|1.2691
255|2020-04-16|14:00:24|ON231-20200416@140023-R_Astrodon_2018_calib.fits|ON231|12 21 31.70|+28 13 59.0|185.3821|28.2331|1028.8988|1018.7394|R_Astrodon_2018|2458956.083611111|180.0|21.4039|2.6162|80.4271|1.0128
256|2020-04-16|14:03:38|ON231-20200416@140338-R_Astrodon_2018_calib.fits|ON231|12 21 31.70|+28 13 59.0|185.3821|28.2331|1028.5110|1021.4158|R_Astrodon_2018|2458956.0858564815|180.0|21.3829|2.7172|81.0517|1.0110
257|2020-04-16|12:51:39|S0735+17-20200416@125135-R_Astrodon_2018_calib.fits|S0735+17|07 38 07.40|+17 42 19.0|114.5308|17.7053|940.9102|909.2704|R_Astrodon_2018|2458956.0358680557|180.0|21.5846|2.6896|48.2119|1.3502
258|2020-04-16|12:54:54|S0735+17-20200416@125454-R_Astrodon_2018_calib.fits|S0735+17|07 38 07.40|+17 42 19.0|114.5308|17.7053|942.7793|911.5332|R_Astrodon_2018|2458956.038125|180.0|21.5771|2.5774|47.4647|1.3667
259|2020-04-16|13:36:33|S4_0954+65-20200416@133633-R_Astrodon_2018_calib.fits|S4_0954+65|09 58 47.20|+65 33 55.0|149.6967|65.5653|1066.2469|1065.1611|R_Astrodon_2018|2458956.067048611|180.0|21.1041|2.0345|45.8934|1.3911
260|2020-04-16|13:39:48|S4_0954+65-20200416@133948-R_Astrodon_2018_calib.fits|S4_0954+65|09 58 47.20|+65 33 55.0|149.6967|65.5653|1066.1632|1064.8447|R_Astrodon_2018|2458956.0693055554|180.0|21.1053|2.0420|45.7354|1.3949
261|2020-04-16|13:07:08|S5_0716+71-20200416@130703-R_Astrodon_2018_calib.fits|S5_0716+71|07 21 53.40|+71 20 36.0|110.4725|71.3433|1125.1280|1096.9013|R_Astrodon_2018|2458956.0466203704|180.0|21.5814|2.6218|33.8256|1.7940
262|2020-04-16|13:10:24|S5_0716+71-20200416@131023-R_Astrodon_2018_calib.fits|S5_0716+71|07 21 53.40|+71 20 36.0|110.4725|71.3433|1124.5160|1097.0138|R_Astrodon_2018|2458956.0488888887|180.0|21.5776|2.3194|33.5957|1.8049
263|2020-04-17|14:45:57|3C273-20200417@144553-R_Astrodon_2018_calib.fits|3C273|12 29 06.70|+02 03 09.0|187.2779|2.0525|978.8021|1079.3791|R_Astrodon_2018|2458957.1152430554|180.0|21.2340|2.5119|68.5483|1.0752
264|2020-04-17|14:49:12|3C273-20200417@144912-R_Astrodon_2018_calib.fits|3C273|12 29 06.70|+02 03 09.0|187.2779|2.0525|980.8476|1076.9669|R_Astrodon_2018|2458957.1175|180.0|21.2475|2.4717|68.4884|1.0758
265|2020-04-17|14:55:20|3C279-20200417@145517-R_Astrodon_2018_calib.fits|3C279|12 56 11.10|-05 47 22.0|194.0462|-5.7894|1020.4400|1026.1087|R_Astrodon_2018|2458957.121759259|180.0|21.3046|2.7534|60.5817|1.1483
266|2020-04-17|14:58:36|3C279-20200417@145835-R_Astrodon_2018_calib.fits|3C279|12 56 11.10|-05 47 22.0|194.0462|-5.7894|1019.0338|1029.7840|R_Astrodon_2018|2458957.124027778|180.0|21.3640|2.6381|60.6543|1.1476
267|2020-04-17|20:11:57|3C345-20200417@201157-R_Astrodon_2018_calib.fits|3C345|16 42 58.80|+39 48 37.0|250.7450|39.8103|1022.4074|1026.9144|R_Astrodon_2018|2458957.3416319443|180.0|20.4772|2.7813|66.7882|1.0906
268|2020-04-17|20:15:12|3C345-20200417@201512-R_Astrodon_2018_calib.fits|3C345|16 42 58.80|+39 48 37.0|250.7450|39.8103|1022.8901|1026.4487|R_Astrodon_2018|2458957.343888889|180.0|20.6892|2.6388|66.2964|1.0949
269|2020-04-17|20:33:55|3C371-20200417@203351-R_Astrodon_2018_calib.fits|3C371|18 06 50.70|+69 49 28.0|271.7112|69.8244|1036.4700|1096.9095|R_Astrodon_2018|2458957.356886574|180.0|21.2262|2.7154|43.5810|1.4494
270|2020-04-17|14:31:37|4C29-45-20200417@143133-R_Astrodon_2018_calib.fits|4C29-45|11 59 31.80|+29 14 44.0|179.8825|29.2456|996.9877|1032.5291|R_Astrodon_2018|2458957.1052893517|180.0|21.4966|2.5055|82.6486|1.0088
271|2020-04-17|14:34:53|4C29-45-20200417@143452-R_Astrodon_2018_calib.fits|4C29-45|11 59 31.80|+29 14 44.0|179.8825|29.2456|997.4959|1031.3545|R_Astrodon_2018|2458957.1075578704|180.0|21.4858|2.4198|82.1740|1.0100
272|2020-04-17|20:05:00|4C38-41-20200417@200500-R_Astrodon_2018_calib.fits|4C38-41|16 35 15.50|+38 08 04.0|248.8146|38.1344|1020.9316|1025.1908|R_Astrodon_2018|2458957.3368055555|180.0|20.7878|2.7847|67.6843|1.0836
273|2020-04-17|20:08:15|4C38-41-20200417@200815-R_Astrodon_2018_calib.fits|4C38-41|16 35 15.50|+38 08 04.0|248.8146|38.1344|1021.1530|1024.9793|R_Astrodon_2018|2458957.3390625|180.0|20.8850|2.7703|67.1575|1.0879
274|2020-04-17|20:26:24|4C51-37-20200417@202620-R_Astrodon_2018_calib.fits|4C51-37|17 40 37.00|+52 11 43.0|265.1542|52.1953|1023.7475|1054.2218|R_Astrodon_2018|2458957.3516666666|180.0|21.3700|2.6154|60.5035|1.1497
275|2020-04-17|20:29:40|4C51-37-20200417@202939-R_Astrodon_2018_calib.fits|4C51-37|17 40 37.00|+52 11 43.0|265.1542|52.1953|1023.8228|1053.1967|R_Astrodon_2018|2458957.3539351854|180.0|21.4455|2.5747|60.3551|1.1515
276|2020-04-17|14:08:43|4C71-07-20200417@140839-R_Astrodon_2018_calib.fits|4C71-07|08 41 24.30|+70 53 42.0|130.3512|70.8950|1085.2732|1089.2646|R_Astrodon_2018|2458957.089386574|180.0|21.6121|2.1187|35.0154|1.7406
277|2020-04-17|14:11:59|4C71-07-20200417@141159-R_Astrodon_2018_calib.fits|4C71-07|08 41 24.30|+70 53 42.0|130.3512|70.8950|1085.0510|1089.1153|R_Astrodon_2018|2458957.091655093|180.0|21.6156|2.1607|34.7882|1.7506
278|2020-04-17|19:58:12|DA406-20200417@195808-R_Astrodon_2018_calib.fits|DA406|16 13 41.00|+34 12 48.0|243.4208|34.2133|1083.2817|925.2534|R_Astrodon_2018|2458957.3320833333|180.0|21.1681|3.1769|66.9310|1.0904
279|2020-04-17|20:01:28|DA406-20200417@200128-R_Astrodon_2018_calib.fits|DA406|16 13 41.00|+34 12 48.0|243.4208|34.2133|1083.2547|925.7240|R_Astrodon_2018|2458957.334351852|180.0|21.0610|2.9424|66.2990|1.0958
280|2020-04-17|19:50:28|KS1510-08-20200417@195024-R_Astrodon_2018_calib.fits|KS1510-08|15 12 50.50|-09 06 00.0|228.2104|-9.1000|1023.6256|1021.5215|R_Astrodon_2018|2458957.326712963|180.0|20.6714|3.0760|41.5590|1.5179
281|2020-04-17|19:53:44|KS1510-08-20200417@195344-R_Astrodon_2018_calib.fits|KS1510-08|15 12 50.50|-09 06 00.0|228.2104|-9.1000|1025.5855|1021.9597|R_Astrodon_2018|2458957.3289814815|180.0|20.8785|2.9151|40.9639|1.5364
282|2020-04-17|14:23:16|Mkn421-20200417@142312-R_Astrodon_2018_calib.fits|Mkn421|11 04 27.30|+38 12 32.0|166.1137|38.2089|1013.2585|978.4090|R_Astrodon_2018|2458957.099490741|180.0|21.4412|3.2635|69.4711|1.0693
283|2020-04-17|14:26:33|Mkn421-20200417@142632-R_Astrodon_2018_calib.fits|Mkn421|11 04 27.30|+38 12 32.0|166.1137|38.2089|1014.2431|978.3670|R_Astrodon_2018|2458957.101770833|180.0|21.4398|2.6562|68.9775|1.0730
284|2020-04-17|20:18:43|Mkn501-20200417@201842-R_Astrodon_2018_calib.fits|Mkn501|16 53 52.20|+39 45 37.0|253.4675|39.7603|1021.6612|1027.0376|R_Astrodon_2018|2458957.3463310185|180.0|21.0397|2.6009|67.4262|1.0854
285|2020-04-17|20:21:58|Mkn501-20200417@202158-R_Astrodon_2018_calib.fits|Mkn501|16 53 52.20|+39 45 37.0|253.4675|39.7603|1022.3431|1026.7644|R_Astrodon_2018|2458957.348587963|180.0|21.2419|2.6909|66.9459|1.0894
286|2020-04-17|13:54:12|OJ248-20200417@135408-R_Astrodon_2018_calib.fits|OJ248|08 30 52.10|+24 11 00.0|127.7171|24.1833|1052.5482|1004.5165|R_Astrodon_2018|2458957.0793055557|180.0|21.1301|2.5347|46.4303|1.3893
287|2020-04-17|13:57:28|OJ248-20200417@135727-R_Astrodon_2018_calib.fits|OJ248|08 30 52.10|+24 11 00.0|127.7171|24.1833|1054.2116|1006.5791|R_Astrodon_2018|2458957.081574074|180.0|21.1702|2.2306|45.6933|1.4070
288|2020-04-17|14:01:01|OJ287-20200417@140100-R_Astrodon_2018_calib.fits|OJ287|08 54 48.90|+20 06 31.0|133.7037|20.1086|1015.8339|1013.6252|R_Astrodon_2018|2458957.084039352|180.0|21.6916|2.9913|49.5383|1.3225
289|2020-04-17|14:04:16|OJ287-20200417@140415-R_Astrodon_2018_calib.fits|OJ287|08 54 48.90|+20 06 31.0|133.7037|20.1086|1017.2126|1015.3779|R_Astrodon_2018|2458957.086296296|180.0|21.6893|2.2525|48.7929|1.3379
290|2020-04-17|13:38:36|OJ49-20200417@133831-R_Astrodon_2018_calib.fits|OJ49|08 31 48.90|+04 29 39.0|127.9537|4.4942|997.8333|1007.1187|R_Astrodon_2018|2458957.0684722224|180.0|21.1653|2.3413|43.8005|1.4560
291|2020-04-17|13:41:51|OJ49-20200417@134150-R_Astrodon_2018_calib.fits|OJ49|08 31 48.90|+04 29 39.0|127.9537|4.4942|999.3326|1008.5103|R_Astrodon_2018|2458957.0707291667|180.0|21.1282|2.4418|43.0861|1.4758
292|2020-04-17|14:38:26|ON231-20200417@143826-R_Astrodon_2018_calib.fits|ON231|12 21 31.70|+28 13 59.0|185.3821|28.2331|1016.7533|1029.2585|R_Astrodon_2018|2458957.1100231484|180.0|21.3767|2.5585|85.0969|1.0037
293|2020-04-17|14:41:41|ON231-20200417@144140-R_Astrodon_2018_calib.fits|ON231|12 21 31.70|+28 13 59.0|185.3821|28.2331|1017.4195|1027.4394|R_Astrodon_2018|2458957.1122800927|180.0|21.3957|2.5373|84.8741|1.0042
294|2020-04-17|13:31:08|S0735+17-20200417@133104-R_Astrodon_2018_calib.fits|S0735+17|07 38 07.40|+17 42 19.0|114.5308|17.7053|1023.0650|1023.9989|R_Astrodon_2018|2458957.063287037|180.0|21.5563|2.4293|38.2415|1.6296
295|2020-04-17|13:34:25|S0735+17-20200417@133424-R_Astrodon_2018_calib.fits|S0735+17|07 38 07.40|+17 42 19.0|114.5308|17.7053|1024.6369|1025.8006|R_Astrodon_2018|2458957.0655671298|180.0|21.5551|2.2382|37.4891|1.6577
296|2020-04-17|14:15:43|S4_0954+65-20200417@141542-R_Astrodon_2018_calib.fits|S4_0954+65|09 58 47.20|+65 33 55.0|149.6967|65.5653|1067.2782|1053.5795|R_Astrodon_2018|2458957.0942476853|180.0|21.0589|2.3316|43.3826|1.4551
297|2020-04-17|14:18:57|S4_0954+65-20200417@141856-R_Astrodon_2018_calib.fits|S4_0954+65|09 58 47.20|+65 33 55.0|149.6967|65.5653|1067.2689|1053.4376|R_Astrodon_2018|2458957.0964930556|180.0|21.0834|2.1832|43.1608|1.4612
298|2020-04-17|13:46:27|S5_0716+71-20200417@134623-R_Astrodon_2018_calib.fits|S5_0716+71|07 21 53.40|+71 20 36.0|110.4725|71.3433|1118.9665|1104.7079|R_Astrodon_2018|2458957.073923611|180.0|21.4928|2.7083|30.6492|1.9587
299|2020-04-17|13:49:43|S5_0716+71-20200417@134943-R_Astrodon_2018_calib.fits|S5_0716+71|07 21 53.40|+71 20 36.0|110.4725|71.3433|1118.7169|1104.9421|R_Astrodon_2018|2458957.0761921294|180.0|21.4104|2.6480|30.3994|1.9733
300|2020-04-19|15:41:41|3C273-20200419@154137-R_Astrodon_2018_calib.fits|3C273|12 29 06.70|+02 03 09.0|187.2779|2.0525|970.2291|1080.5406|R_Astrodon_2018|2458959.153946759|180.0|21.1664|2.1122|62.8569|1.1274
301|2020-04-19|15:44:57|3C273-20200419@154456-R_Astrodon_2018_calib.fits|3C273|12 29 06.70|+02 03 09.0|187.2779|2.0525|971.9520|1080.3567|R_Astrodon_2018|2458959.156215278|180.0|21.1610|1.8288|62.3628|1.1326
302|2020-04-19|15:49:05|3C279-20200419@154901-R_Astrodon_2018_calib.fits|3C279|12 56 11.10|-05 47 22.0|194.0462|-5.7894|1005.2271|1053.1125|R_Astrodon_2018|2458959.159085648|180.0|21.2479|2.0389|58.3710|1.1776
303|2020-04-19|15:52:20|3C279-20200419@155220-R_Astrodon_2018_calib.fits|3C279|12 56 11.10|-05 47 22.0|194.0462|-5.7894|1007.0744|1052.1215|R_Astrodon_2018|2458959.1613425924|180.0|21.2389|1.9709|58.0603|1.1818
304|2020-04-19|16:19:54|3C345-20200419@161954-R_Astrodon_2018_calib.fits|3C345|16 42 58.80|+39 48 37.0|250.7450|39.8103|1019.3094|1037.1321|R_Astrodon_2018|2458959.180486111|180.0|20.8392|1.9411|55.1008|1.2119
305|2020-04-19|16:23:09|3C345-20200419@162309-R_Astrodon_2018_calib.fits|3C345|16 42 58.80|+39 48 37.0|250.7450|39.8103|1019.3448|1037.4983|R_Astrodon_2018|2458959.1827430557|180.0|20.8491|1.9328|55.6988|1.2033
306|2020-04-19|16:41:37|3C371-20200419@164133-R_Astrodon_2018_calib.fits|3C371|18 06 50.70|+69 49 28.0|271.7112|69.8244|1013.4381|1113.5461|R_Astrodon_2018|2458959.1955671296|180.0|21.1759|2.1461|34.5939|1.7454
307|2020-04-19|16:44:52|3C371-20200419@164452-R_Astrodon_2018_calib.fits|3C371|18 06 50.70|+69 49 28.0|271.7112|69.8244|1014.0165|1114.3572|R_Astrodon_2018|2458959.197824074|180.0|21.1433|2.2209|34.8402|1.7349
308|2020-04-19|20:27:07|3C454-3-20200419@202707-R_Astrodon_2018_calib.fits|3C454-3|22 53 57.70|+16 08 54.0|343.4904|16.1483|1057.3618|1000.9986|R_Astrodon_2018|2458959.352164352|180.0|20.3323|2.9964|26.6659|2.1793
309|2020-04-19|20:30:22|3C454-3-20200419@203022-R_Astrodon_2018_calib.fits|3C454-3|22 53 57.70|+16 08 54.0|343.4904|16.1483|1058.6609|1000.0813|R_Astrodon_2018|2458959.354421296|180.0|20.3160|3.0285|27.4079|2.1253
310|2020-04-19|15:27:18|4C29-45-20200419@152714-R_Astrodon_2018_calib.fits|4C29-45|11 59 31.80|+29 14 44.0|179.8825|29.2456|996.7263|1014.5212|R_Astrodon_2018|2458959.1439583334|180.0|21.3872|1.9971|70.3426|1.0646
311|2020-04-19|15:30:33|4C29-45-20200419@153033-R_Astrodon_2018_calib.fits|4C29-45|11 59 31.80|+29 14 44.0|179.8825|29.2456|997.4305|1015.1152|R_Astrodon_2018|2458959.1462152777|180.0|21.3720|2.0665|69.6466|1.0695
312|2020-04-19|16:13:09|4C38-41-20200419@161308-R_Astrodon_2018_calib.fits|4C38-41|16 35 15.50|+38 08 04.0|248.8146|38.1344|1020.5179|1033.2004|R_Astrodon_2018|2458959.1757986112|180.0|21.1382|1.8444|55.7333|1.2028
313|2020-04-19|16:16:24|4C38-41-20200419@161623-R_Astrodon_2018_calib.fits|4C38-41|16 35 15.50|+38 08 04.0|248.8146|38.1344|1020.4253|1033.4309|R_Astrodon_2018|2458959.1780555556|180.0|21.1446|1.8637|56.3522|1.1941
314|2020-04-19|16:34:07|4C51-37-20200419@163402-R_Astrodon_2018_calib.fits|4C51-37|17 40 37.00|+52 11 43.0|265.1542|52.1953|1012.6533|1078.7355|R_Astrodon_2018|2458959.190358796|180.0|21.3402|1.9814|43.9810|1.4280
315|2020-04-19|16:37:23|4C51-37-20200419@163722-R_Astrodon_2018_calib.fits|4C51-37|17 40 37.00|+52 11 43.0|265.1542|52.1953|1012.8389|1078.9956|R_Astrodon_2018|2458959.192627315|180.0|21.2965|1.9391|44.4516|1.4162
316|2020-04-19|13:28:46|4C71-07-20200419@132842-R_Astrodon_2018_calib.fits|4C71-07|08 41 24.30|+70 53 42.0|130.3512|70.8950|1088.7386|1086.5856|R_Astrodon_2018|2458959.0616435185|180.0|21.0277|1.9709|37.1206|1.6547
317|2020-04-19|13:32:03|4C71-07-20200419@133203-R_Astrodon_2018_calib.fits|4C71-07|08 41 24.30|+70 53 42.0|130.3512|70.8950|1088.4637|1086.2801|R_Astrodon_2018|2458959.0639236113|180.0|20.5544|2.0145|36.9166|1.6627
318|2020-04-19|20:20:19|CTA102-20200419@202018-R_Astrodon_2018_calib.fits|CTA102|22 32 36.40|+11 43 51.0|338.1517|11.7308|1062.2575|988.4877|R_Astrodon_2018|2458959.3474421296|180.0|20.7106|2.6185|28.5162|2.0524
319|2020-04-19|20:23:34|CTA102-20200419@202333-R_Astrodon_2018_calib.fits|CTA102|22 32 36.40|+11 43 51.0|338.1517|11.7308|1062.9817|987.0517|R_Astrodon_2018|2458959.349699074|180.0|20.7771|2.6765|29.2634|2.0053
320|2020-04-19|16:06:18|DA406-20200419@160614-R_Astrodon_2018_calib.fits|DA406|16 13 41.00|+34 12 48.0|243.4208|34.2133|971.4491|1019.3372|R_Astrodon_2018|2458959.1710416665|180.0|21.2617|1.9292|59.5266|1.1540
321|2020-04-19|16:09:34|DA406-20200419@160934-R_Astrodon_2018_calib.fits|DA406|16 13 41.00|+34 12 48.0|243.4208|34.2133|971.6733|1019.3567|R_Astrodon_2018|2458959.1733101853|180.0|21.2745|1.8717|60.1884|1.1465
322|2020-04-19|20:34:15|ES2344+514-20200419@203415-R_Astrodon_2018_calib.fits|ES2344+514|23 47 04.00|+51 42 18.0|356.7667|51.7050|1041.2456|1068.2646|R_Astrodon_2018|2458959.3571180557|180.0|21.0837|2.9061|24.9431|2.3293
323|2020-04-19|20:37:32|ES2344+514-20200419@203731-R_Astrodon_2018_calib.fits|ES2344+514|23 47 04.00|+51 42 18.0|356.7667|51.7050|1042.9369|1068.2640|R_Astrodon_2018|2458959.359398148|180.0|20.8396|2.7235|25.4499|2.2872
324|2020-04-19|15:58:34|KS1510-08-20200419@155830-R_Astrodon_2018_calib.fits|KS1510-08|15 12 50.50|-09 06 00.0|228.2104|-9.1000|1020.6310|1023.7243|R_Astrodon_2018|2458959.1656712964|180.0|21.0997|2.0886|52.2690|1.2604
325|2020-04-19|16:01:50|KS1510-08-20200419@160149-R_Astrodon_2018_calib.fits|KS1510-08|15 12 50.50|-09 06 00.0|228.2104|-9.1000|1018.8750|1025.1975|R_Astrodon_2018|2458959.1679398147|180.0|21.1207|2.0457|52.6668|1.2539
326|2020-04-19|20:13:16|L-Lacertae-20200419@201309-R_Astrodon_2018_calib.fits|L-Lacertae|22 02 43.30|+42 16 40.0|330.6804|42.2778|1045.3576|1006.9876|R_Astrodon_2018|2458959.3425462963|180.0|20.9380|2.1768|38.7947|1.5789
327|2020-04-19|20:16:31|L-Lacertae-20200419@201631-R_Astrodon_2018_calib.fits|L-Lacertae|22 02 43.30|+42 16 40.0|330.6804|42.2778|1045.4528|1005.9061|R_Astrodon_2018|2458959.3448032406|180.0|21.1467|2.2622|39.3969|1.5587
328|2020-04-19|13:43:18|Mkn421-20200419@134314-R_Astrodon_2018_calib.fits|Mkn421|11 04 27.30|+38 12 32.0|166.1137|38.2089|1011.6145|1003.1981|R_Astrodon_2018|2458959.0717361113|180.0|20.9225|2.4060|73.4930|1.0435
329|2020-04-19|15:19:53|Mkn421-20200419@151948-R_Astrodon_2018_calib.fits|Mkn421|11 04 27.30|+38 12 32.0|166.1137|38.2089|1038.3588|875.7434|R_Astrodon_2018|2458959.1388078704|180.0|21.3081|2.1921|58.3612|1.1788
330|2020-04-19|15:23:09|Mkn421-20200419@152309-R_Astrodon_2018_calib.fits|Mkn421|11 04 27.30|+38 12 32.0|166.1137|38.2089|1038.8195|877.4639|R_Astrodon_2018|2458959.141076389|180.0|21.2986|2.4331|57.7483|1.1869
331|2020-04-19|16:26:40|Mkn501-20200419@162640-R_Astrodon_2018_calib.fits|Mkn501|16 53 52.20|+39 45 37.0|253.4675|39.7603|1020.3068|1037.4989|R_Astrodon_2018|2458959.185185185|180.0|21.3016|2.0437|54.3578|1.2228
332|2020-04-19|16:29:56|Mkn501-20200419@162955-R_Astrodon_2018_calib.fits|Mkn501|16 53 52.20|+39 45 37.0|253.4675|39.7603|1019.9914|1037.8403|R_Astrodon_2018|2458959.1874537035|180.0|21.2885|1.9519|54.9625|1.2138
333|2020-04-19|13:14:01|OJ248-20200419@131357-R_Astrodon_2018_calib.fits|OJ248|08 30 52.10|+24 11 00.0|127.7171|24.1833|1052.3458|999.4757|R_Astrodon_2018|2458959.051400463|180.0|21.0587|2.2135|53.7443|1.2467
334|2020-04-19|13:17:17|OJ248-20200419@131716-R_Astrodon_2018_calib.fits|OJ248|08 30 52.10|+24 11 00.0|127.7171|24.1833|1053.3960|1001.3076|R_Astrodon_2018|2458959.0536689814|180.0|21.0435|2.1128|53.0034|1.2590
335|2020-04-19|13:20:50|OJ287-20200419@132049-R_Astrodon_2018_calib.fits|OJ287|08 54 48.90|+20 06 31.0|133.7037|20.1086|1014.8046|1018.8347|R_Astrodon_2018|2458959.0561342593|180.0|21.3826|2.3726|56.9620|1.1988
336|2020-04-19|13:24:05|OJ287-20200419@132405-R_Astrodon_2018_calib.fits|OJ287|08 54 48.90|+20 06 31.0|133.7037|20.1086|1015.6998|1020.3870|R_Astrodon_2018|2458959.0583912036|180.0|21.2238|2.6148|56.2148|1.2094
337|2020-04-19|12:58:25|OJ49-20200419@125821-R_Astrodon_2018_calib.fits|OJ49|08 31 48.90|+04 29 39.0|127.9537|4.4942|994.5231|1019.1977|R_Astrodon_2018|2458959.04056713|180.0|21.0591|2.1951|50.7706|1.2988
338|2020-04-19|13:01:41|OJ49-20200419@130141-R_Astrodon_2018_calib.fits|OJ49|08 31 48.90|+04 29 39.0|127.9537|4.4942|996.1914|1020.3568|R_Astrodon_2018|2458959.042835648|180.0|21.0592|2.1034|50.0793|1.3122
339|2020-04-19|15:03:46|OJ49-20200419@150342-R_Astrodon_2018_calib.fits|OJ49|08 31 48.90|+04 29 39.0|127.9537|4.4942|1063.6099|1182.2014|R_Astrodon_2018|2458959.1276157405|180.0|20.7429|2.4890|22.8277|2.6122
340|2020-04-19|15:07:02|OJ49-20200419@150702-R_Astrodon_2018_calib.fits|OJ49|08 31 48.90|+04 29 39.0|127.9537|4.4942|1065.9266|1181.0673|R_Astrodon_2018|2458959.1298842593|180.0|20.7188|2.5910|22.0794|2.6982
341|2020-04-19|15:15:16|OJ49-20200419@151515-R_Astrodon_2018_calib.fits|OJ49|08 31 48.90|+04 29 39.0|127.9537|4.4942|1024.1824|1021.2063|R_Astrodon_2018|2458959.1356018516|180.0|20.6154|3.1752|20.1917|2.9424
342|2020-04-19|15:34:08|ON231-20200419@153408-R_Astrodon_2018_calib.fits|ON231|12 21 31.70|+28 13 59.0|185.3821|28.2331|1016.1763|1024.5596|R_Astrodon_2018|2458959.1487037037|180.0|21.2613|2.1092|73.8039|1.0435
343|2020-04-19|15:37:22|ON231-20200419@153722-R_Astrodon_2018_calib.fits|ON231|12 21 31.70|+28 13 59.0|185.3821|28.2331|1016.7173|1024.6502|R_Astrodon_2018|2458959.150949074|180.0|21.2642|2.1576|73.1073|1.0475
344|2020-04-19|12:50:58|S0735+17-20200419@125054-R_Astrodon_2018_calib.fits|S0735+17|07 38 07.40|+17 42 19.0|114.5308|17.7053|947.1235|904.6527|R_Astrodon_2018|2458959.0353935184|180.0|21.4441|2.5420|45.6573|1.4084
345|2020-04-19|12:54:13|S0735+17-20200419@125413-R_Astrodon_2018_calib.fits|S0735+17|07 38 07.40|+17 42 19.0|114.5308|17.7053|948.7072|906.7284|R_Astrodon_2018|2458959.037650463|180.0|21.4417|2.3773|44.9104|1.4273
346|2020-04-19|13:35:46|S4_0954+65-20200419@133545-R_Astrodon_2018_calib.fits|S4_0954+65|09 58 47.20|+65 33 55.0|149.6967|65.5653|1068.7253|1059.3155|R_Astrodon_2018|2458959.06650463|180.0|20.3996|1.9605|45.3361|1.4046
347|2020-04-19|13:39:02|S4_0954+65-20200419@133901-R_Astrodon_2018_calib.fits|S4_0954+65|09 58 47.20|+65 33 55.0|149.6967|65.5653|1068.6850|1059.2576|R_Astrodon_2018|2458959.068773148|180.0|20.0159|1.8864|45.1591|1.4090
348|2020-04-19|13:06:17|S5_0716+71-20200419@130613-R_Astrodon_2018_calib.fits|S5_0716+71|07 21 53.40|+71 20 36.0|110.4725|71.3433|1125.5563|1094.7943|R_Astrodon_2018|2458959.0460300925|180.0|21.2005|2.1552|33.0481|1.8313
349|2020-04-19|13:09:33|S5_0716+71-20200419@130932-R_Astrodon_2018_calib.fits|S5_0716+71|07 21 53.40|+71 20 36.0|110.4725|71.3433|1125.3521|1094.9954|R_Astrodon_2018|2458959.0482986113|180.0|21.2765|2.3697|32.8123|1.8430
350|2020-04-20|20:36:18|3C454-3-20200420@203617-R_Astrodon_2018_calib.fits|3C454-3|22 53 57.70|+16 08 54.0|343.4904|16.1483|240.0941|1247.0379|R_Astrodon_2018|2458960.3585416665|180.0|19.9707|2.9680|29.6629|1.9822
351|2020-04-20|19:42:55|CTA102-20200420@194255-R_Astrodon_2018_calib.fits|CTA102|22 32 36.40|+11 43 51.0|338.1517|11.7308|239.9219|1284.6881|R_Astrodon_2018|2458960.321469907|180.0|19.7728|3.8156|20.8288|2.7260
352|2020-04-20|19:46:29|CTA102-20200420@194629-R_Astrodon_2018_calib.fits|CTA102|22 32 36.40|+11 43 51.0|338.1517|11.7308|1025.4298|1024.2491|R_Astrodon_2018|2458960.323946759|180.0|19.2266|3.6216|21.6470|2.6290
353|2020-04-20|20:29:10|CTA102-20200420@202910-R_Astrodon_2018_calib.fits|CTA102|22 32 36.40|+11 43 51.0|338.1517|11.7308|244.3125|1238.7545|R_Astrodon_2018|2458960.353587963|180.0|20.5882|2.6464|31.4552|1.8824
354|2020-04-20|20:32:45|CTA102-20200420@203244-R_Astrodon_2018_calib.fits|CTA102|22 32 36.40|+11 43 51.0|338.1517|11.7308|1025.0063|1023.7967|R_Astrodon_2018|2458960.356076389|180.0|20.4856|2.9815|32.2792|1.8387
355|2020-04-20|18:44:40|L-Lacertae-20200420@184440-R_Astrodon_2018_calib.fits|L-Lacertae|22 02 43.30|+42 16 40.0|330.6804|42.2778|224.7999|1267.6942|R_Astrodon_2018|2458960.2810185184|180.0|20.4123|3.1181|23.1788|2.4815
356|2020-04-20|18:48:14|L-Lacertae-20200420@184813-R_Astrodon_2018_calib.fits|L-Lacertae|22 02 43.30|+42 16 40.0|330.6804|42.2778|1026.3122|1026.8669|R_Astrodon_2018|2458960.2834953703|180.0|19.8753|3.0829|23.8281|2.4206
357|2020-04-20|19:35:33|L-Lacertae-20200420@193533-R_Astrodon_2018_calib.fits|L-Lacertae|22 02 43.30|+42 16 40.0|330.6804|42.2778|223.5199|1222.4187|R_Astrodon_2018|2458960.3163541667|180.0|20.7967|2.6404|32.5312|1.8328
358|2020-04-20|19:39:08|L-Lacertae-20200420@193908-R_Astrodon_2018_calib.fits|L-Lacertae|22 02 43.30|+42 16 40.0|330.6804|42.2778|1025.0824|1026.1106|R_Astrodon_2018|2458960.3188425926|180.0|20.9315|2.5278|33.1948|1.8018
359|2020-04-20|20:21:48|L-Lacertae-20200420@202147-R_Astrodon_2018_calib.fits|L-Lacertae|22 02 43.30|+42 16 40.0|330.6804|42.2778|221.7486|1201.2152|R_Astrodon_2018|2458960.348472222|180.0|21.1721|2.4142|41.1025|1.5063
360|2020-04-20|20:25:22|L-Lacertae-20200420@202522-R_Astrodon_2018_calib.fits|L-Lacertae|22 02 43.30|+42 16 40.0|330.6804|42.2778|1024.0513|1026.8788|R_Astrodon_2018|2458960.350949074|180.0|21.1620|2.4827|41.7617|1.4883
361|2020-04-21|17:30:27|3C273-20200421@173027-R_Astrodon_2018_calib.fits|3C273|12 29 06.70|+02 03 09.0|187.2779|2.0525|84.4857|1152.8957|R_Astrodon_2018|2458961.2294791667|180.0|20.5655|2.1212|40.2244|1.5625
362|2020-04-21|17:34:01|3C273-20200421@173401-R_Astrodon_2018_calib.fits|3C273|12 29 06.70|+02 03 09.0|187.2779|2.0525|1025.2042|1026.5728|R_Astrodon_2018|2458961.2319560186|180.0|20.5261|2.0007|39.4450|1.5928
363|2020-04-21|17:37:37|3C279-20200421@173737-R_Astrodon_2018_calib.fits|3C279|12 56 11.10|-05 47 22.0|194.0462|-5.7894|68.2610|1163.5179|R_Astrodon_2018|2458961.2344560185|180.0|20.5759|2.1617|40.0527|1.5670
364|2020-04-21|17:41:10|3C279-20200421@174110-R_Astrodon_2018_calib.fits|3C279|12 56 11.10|-05 47 22.0|194.0462|-5.7894|1025.1496|1026.0264|R_Astrodon_2018|2458961.2369212965|180.0|20.6296|2.0003|39.3474|1.5960
365|2020-04-21|18:08:47|3C345-20200421@180847-R_Astrodon_2018_calib.fits|3C345|16 42 58.80|+39 48 37.0|250.7450|39.8103|-843.8653|1313.5171|R_Astrodon_2018|2458961.256099537|180.0|20.4078|2.3073|72.5024|1.0472
366|2020-04-21|18:12:31|3C345-20200421@181231-R_Astrodon_2018_calib.fits|3C345|16 42 58.80|+39 48 37.0|250.7450|39.8103|1024.3667|1034.9353|R_Astrodon_2018|2458961.2586921295|180.0|19.2374|2.2639|72.7692|1.0480
367|2020-04-21|17:16:01|4C29-45-20200421@171600-R_Astrodon_2018_calib.fits|4C29-45|11 59 31.80|+29 14 44.0|179.8825|29.2456|125.5186|1108.3363|R_Astrodon_2018|2458961.2194560184|180.0|20.9342|2.2252|44.9529|1.4252
368|2020-04-21|17:19:35|4C29-45-20200421@171935-R_Astrodon_2018_calib.fits|4C29-45|11 59 31.80|+29 14 44.0|179.8825|29.2456|1025.3720|1028.7066|R_Astrodon_2018|2458961.2219328703|180.0|20.9480|2.2194|44.1759|1.4462
369|2020-04-21|18:01:23|4C38-41-20200421@180123-R_Astrodon_2018_calib.fits|4C38-41|16 35 15.50|+38 08 04.0|248.8146|38.1344|-876.6191|1268.8281|R_Astrodon_2018|2458961.250960648|180.0|20.6958|2.5004|74.0556|1.0387
370|2020-04-21|18:05:16|4C38-41-20200421@180516-R_Astrodon_2018_calib.fits|4C38-41|16 35 15.50|+38 08 04.0|248.8146|38.1344|1021.6731|1033.2790|R_Astrodon_2018|2458961.2536574076|180.0|20.7925|2.3882|74.3630|1.0393
371|2020-04-21|16:54:11|4C71-07-20200421@165400-R_Astrodon_2018_calib.fits|4C71-07|08 41 24.30|+70 53 42.0|130.3512|70.8950|166.5086|1246.4642|R_Astrodon_2018|2458961.2042939817|180.0|20.3854|3.1965|20.7228|2.8175
372|2020-04-21|16:57:48|4C71-07-20200421@165748-R_Astrodon_2018_calib.fits|4C71-07|08 41 24.30|+70 53 42.0|130.3512|70.8950|1027.6590|1030.4100|R_Astrodon_2018|2458961.2068055556|180.0|20.4291|2.7851|20.4331|2.8664
373|2020-04-21|17:53:57|DA406-20200421@175357-R_Astrodon_2018_calib.fits|DA406|16 13 41.00|+34 12 48.0|243.4208|34.2133|-874.4931|1319.5045|R_Astrodon_2018|2458961.245798611|180.0|20.9025|3.1917|78.7553|1.0189
374|2020-04-21|17:57:49|DA406-20200421@175748-R_Astrodon_2018_calib.fits|DA406|16 13 41.00|+34 12 48.0|243.4208|34.2133|1021.2550|1036.6579|R_Astrodon_2018|2458961.248483796|180.0|20.8989|2.7627|78.9753|1.0197
375|2020-04-21|17:45:04|KS1510-08-20200421@174503-R_Astrodon_2018_calib.fits|KS1510-08|15 12 50.50|-09 06 00.0|228.2104|-9.1000|23.2726|1141.3399|R_Astrodon_2018|2458961.2396296295|180.0|20.7241|2.1280|56.2148|1.2055
376|2020-04-21|17:48:39|KS1510-08-20200421@174839-R_Astrodon_2018_calib.fits|KS1510-08|15 12 50.50|-09 06 00.0|228.2104|-9.1000|1024.7463|1025.1146|R_Astrodon_2018|2458961.2421180555|180.0|20.7324|2.0942|55.9706|1.2123
377|2020-04-21|17:08:49|Mkn421-20200421@170848-R_Astrodon_2018_calib.fits|Mkn421|11 04 27.30|+38 12 32.0|166.1137|38.2089|142.1891|1146.1532|R_Astrodon_2018|2458961.2144560185|180.0|20.8055|2.5829|35.6277|1.7295
378|2020-04-21|17:12:23|Mkn421-20200421@171223-R_Astrodon_2018_calib.fits|Mkn421|11 04 27.30|+38 12 32.0|166.1137|38.2089|1025.6150|1029.0761|R_Astrodon_2018|2458961.2169328704|180.0|20.7630|3.0533|34.9266|1.7619
379|2020-04-21|13:46:13|OJ49-20200421@134612-R_Astrodon_2018_calib.fits|OJ49|08 31 48.90|+04 29 39.0|127.9537|4.4942|549.8181|1113.8332|R_Astrodon_2018|2458961.073761574|180.0|19.5009|2.5523|38.6286|1.6163
380|2020-04-21|13:49:46|OJ49-20200421@134946-R_Astrodon_2018_calib.fits|OJ49|08 31 48.90|+04 29 39.0|127.9537|4.4942|1026.3675|1026.7507|R_Astrodon_2018|2458961.076226852|180.0|19.7710|2.4745|37.8349|1.6477
381|2020-04-21|17:23:09|ON231-20200421@172308-R_Astrodon_2018_calib.fits|ON231|12 21 31.70|+28 13 59.0|185.3821|28.2331|121.8070|1096.8785|R_Astrodon_2018|2458961.2244097223|180.0|20.8844|2.1427|48.1132|1.3520
382|2020-04-21|17:26:42|ON231-20200421@172642-R_Astrodon_2018_calib.fits|ON231|12 21 31.70|+28 13 59.0|185.3821|28.2331|1025.1410|1028.9543|R_Astrodon_2018|2458961.226875|180.0|20.8177|2.1220|47.3318|1.3698
383|2020-04-21|13:39:01|S0735+17-20200421@133901-R_Astrodon_2018_calib.fits|S0735+17|07 38 07.40|+17 42 19.0|114.5308|17.7053|576.7272|1132.2279|R_Astrodon_2018|2458961.068761574|180.0|19.5336|2.3830|32.8383|1.8624
384|2020-04-21|13:42:33|S0735+17-20200421@134233-R_Astrodon_2018_calib.fits|S0735+17|07 38 07.40|+17 42 19.0|114.5308|17.7053|1025.8354|1026.9246|R_Astrodon_2018|2458961.071215278|180.0|18.5017|2.7803|32.0314|1.9076
385|2020-04-21|17:01:30|S4_0954+65-20200421@170130-R_Astrodon_2018_calib.fits|S4_0954+65|09 58 47.20|+65 33 55.0|149.6967|65.5653|169.2281|1194.8306|R_Astrodon_2018|2458961.209375|180.0|20.2557|2.5585|26.7021|2.2281
386|2020-04-21|17:05:03|S4_0954+65-20200421@170503-R_Astrodon_2018_calib.fits|S4_0954+65|09 58 47.20|+65 33 55.0|149.6967|65.5653|1025.1770|1029.1555|R_Astrodon_2018|2458961.211840278|180.0|20.1001|2.7192|26.3341|2.2591
387|2020-04-28|15:30:48|3C273-20200428@153044-R_Astrodon_2018_calib.fits|3C273|12 29 06.70|+02 03 09.0|187.2779|2.0525|971.6243|1080.9852|R_Astrodon_2018|2458968.146388889|180.0|21.1497|3.2594|58.8490|1.1734
388|2020-04-28|15:34:04|3C273-20200428@153404-R_Astrodon_2018_calib.fits|3C273|12 29 06.70|+02 03 09.0|187.2779|2.0525|973.5466|1081.2663|R_Astrodon_2018|2458968.1486574076|180.0|21.1391|3.2607|58.2690|1.1809
389|2020-04-28|15:38:13|3C279-20200428@153809-R_Astrodon_2018_calib.fits|3C279|12 56 11.10|-05 47 22.0|194.0462|-5.7894|1004.8274|1049.5070|R_Astrodon_2018|2458968.151539352|180.0|21.0970|3.2039|55.6402|1.2159
390|2020-04-28|15:41:29|3C279-20200428@154129-R_Astrodon_2018_calib.fits|3C279|12 56 11.10|-05 47 22.0|194.0462|-5.7894|1006.0911|1049.2069|R_Astrodon_2018|2458968.1538078706|180.0|-9999.0000|-9999.0000|55.2145|1.2224
391|2020-04-28|15:16:22|4C29-45-20200428@151618-R_Astrodon_2018_calib.fits|4C29-45|11 59 31.80|+29 14 44.0|179.8825|29.2456|999.9322|1006.4863|R_Astrodon_2018|2458968.1363657406|180.0|21.2712|3.5774|65.0680|1.1065
392|2020-04-28|15:19:38|4C29-45-20200428@151938-R_Astrodon_2018_calib.fits|4C29-45|11 59 31.80|+29 14 44.0|179.8825|29.2456|1000.6354|1007.3983|R_Astrodon_2018|2458968.1386342593|180.0|21.2217|3.5416|64.3584|1.1132
393|2020-04-28|14:54:25|4C71-07-20200428@145421-R_Astrodon_2018_calib.fits|4C71-07|08 41 24.30|+70 53 42.0|130.3512|70.8950|1077.4466|1077.1974|R_Astrodon_2018|2458968.1211226853|180.0|21.5304|2.7379|28.2440|2.1105
394|2020-04-28|14:57:42|4C71-07-20200428@145742-R_Astrodon_2018_calib.fits|4C71-07|08 41 24.30|+70 53 42.0|130.3512|70.8950|1077.9698|1077.9450|R_Astrodon_2018|2458968.1234027776|180.0|21.5236|2.6937|27.9782|2.1289
395|2020-04-28|15:08:55|Mkn421-20200428@150851-R_Astrodon_2018_calib.fits|Mkn421|11 04 27.30|+38 12 32.0|166.1137|38.2089|1019.2482|913.7119|R_Astrodon_2018|2458968.1311921296|180.0|21.3361|3.2896|53.7217|1.2459
396|2020-04-28|15:12:11|Mkn421-20200428@151211-R_Astrodon_2018_calib.fits|Mkn421|11 04 27.30|+38 12 32.0|166.1137|38.2089|1019.9436|915.3107|R_Astrodon_2018|2458968.1334606484|180.0|21.3223|3.4779|53.0926|1.2564
397|2020-04-28|14:39:52|OJ248-20200428@143948-R_Astrodon_2018_calib.fits|OJ248|08 30 52.10|+24 11 00.0|127.7171|24.1833|1049.2086|1003.9742|R_Astrodon_2018|2458968.1110185185|180.0|20.8732|3.2054|26.5661|2.2615
398|2020-04-28|14:43:07|OJ248-20200428@144307-R_Astrodon_2018_calib.fits|OJ248|08 30 52.10|+24 11 00.0|127.7171|24.1833|1050.7300|1005.6340|R_Astrodon_2018|2458968.1132754628|180.0|20.8267|3.1699|25.8495|2.3211
399|2020-04-28|14:46:41|OJ287-20200428@144640-R_Astrodon_2018_calib.fits|OJ287|08 54 48.90|+20 06 31.0|133.7037|20.1086|1015.5342|1007.6660|R_Astrodon_2018|2458968.1157523147|180.0|21.4951|2.8514|29.2729|2.0679
400|2020-04-28|14:49:57|OJ287-20200428@144957-R_Astrodon_2018_calib.fits|OJ287|08 54 48.90|+20 06 31.0|133.7037|20.1086|1017.1361|1009.7371|R_Astrodon_2018|2458968.1180208335|180.0|21.4937|2.8277|28.5352|2.1179
401|2020-04-28|14:24:12|OJ49-20200428@142408-R_Astrodon_2018_calib.fits|OJ49|08 31 48.90|+04 29 39.0|127.9537|4.4942|1092.9094|1046.5376|R_Astrodon_2018|2458968.1001388887|180.0|20.3734|3.7320|23.7847|2.5153
402|2020-04-28|14:27:28|OJ49-20200428@142728-R_Astrodon_2018_calib.fits|OJ49|08 31 48.90|+04 29 39.0|127.9537|4.4942|1094.6904|1046.7548|R_Astrodon_2018|2458968.1024074075|180.0|20.1230|3.7233|23.0369|2.5942
403|2020-04-28|15:23:13|ON231-20200428@152313-R_Astrodon_2018_calib.fits|ON231|12 21 31.70|+28 13 59.0|185.3821|28.2331|1017.8557|1020.4110|R_Astrodon_2018|2458968.1411226853|180.0|21.1425|3.6310|68.4856|1.0781
404|2020-04-28|15:26:29|ON231-20200428@152629-R_Astrodon_2018_calib.fits|ON231|12 21 31.70|+28 13 59.0|185.3821|28.2331|1018.9206|1021.5685|R_Astrodon_2018|2458968.1433912036|180.0|21.1889|3.5468|67.7697|1.0837
405|2020-04-28|15:01:21|S4_0954+65-20200428@150120-R_Astrodon_2018_calib.fits|S4_0954+65|09 58 47.20|+65 33 55.0|149.6967|65.5653|1066.4769|1019.8756|R_Astrodon_2018|2458968.1259375|180.0|21.0130|2.6930|36.0122|1.7017
406|2020-04-28|15:04:35|S4_0954+65-20200428@150434-R_Astrodon_2018_calib.fits|S4_0954+65|09 58 47.20|+65 33 55.0|149.6967|65.5653|1067.1724|1020.5631|R_Astrodon_2018|2458968.1281828703|180.0|21.0009|2.7780|35.7054|1.7147
407|2020-04-28|14:32:05|S5_0716+71-20200428@143201-R_Astrodon_2018_calib.fits|S5_0716+71|07 21 53.40|+71 20 36.0|110.4725|71.3433|1100.3051|1111.3593|R_Astrodon_2018|2458968.105613426|180.0|20.3449|3.7067|23.6165|2.4890
408|2020-04-28|14:35:20|S5_0716+71-20200428@143520-R_Astrodon_2018_calib.fits|S5_0716+71|07 21 53.40|+71 20 36.0|110.4725|71.3433|1101.5721|1111.9374|R_Astrodon_2018|2458968.10787037|180.0|20.8795|3.0528|23.3565|2.5153
409|2020-04-29|15:41:21|3C273-20200429@154118-R_Astrodon_2018_calib.fits|3C273|12 29 06.70|+02 03 09.0|187.2779|2.0525|974.0021|1078.3068|R_Astrodon_2018|2458969.1537152776|180.0|21.2883|2.4363|56.2122|1.2090
410|2020-04-29|15:44:37|3C273-20200429@154437-R_Astrodon_2018_calib.fits|3C273|12 29 06.70|+02 03 09.0|187.2779|2.0525|975.4915|1079.2334|R_Astrodon_2018|2458969.1559837963|180.0|21.2842|2.4090|55.5959|1.2182
411|2020-04-29|15:48:35|3C279-20200429@154832-R_Astrodon_2018_calib.fits|3C279|12 56 11.10|-05 47 22.0|194.0462|-5.7894|1003.8188|1047.2211|R_Astrodon_2018|2458969.158738426|180.0|21.3748|2.5432|53.6836|1.2465
412|2020-04-29|15:51:51|3C279-20200429@155151-R_Astrodon_2018_calib.fits|3C279|12 56 11.10|-05 47 22.0|194.0462|-5.7894|1005.4539|1046.9415|R_Astrodon_2018|2458969.1610069443|180.0|21.3921|2.5837|53.2045|1.2544
413|2020-04-29|13:45:58|4C29-45-20200429@134554-R_Astrodon_2018_calib.fits|4C29-45|11 59 31.80|+29 14 44.0|179.8825|29.2456|996.9682|1032.8230|R_Astrodon_2018|2458969.073587963|180.0|21.3360|3.4409|82.4312|1.0093
414|2020-04-29|13:49:14|4C29-45-20200429@134913-R_Astrodon_2018_calib.fits|4C29-45|11 59 31.80|+29 14 44.0|179.8825|29.2456|997.3735|1032.0267|R_Astrodon_2018|2458969.0758564817|180.0|21.3890|3.4066|81.9381|1.0106
415|2020-04-29|13:23:05|4C71-07-20200429@132300-R_Astrodon_2018_calib.fits|4C71-07|08 41 24.30|+70 53 42.0|130.3512|70.8950|1088.9818|1079.8686|R_Astrodon_2018|2458969.0576967592|180.0|21.6646|2.3621|34.9080|1.7453
416|2020-04-29|13:26:22|4C71-07-20200429@132621-R_Astrodon_2018_calib.fits|4C71-07|08 41 24.30|+70 53 42.0|130.3512|70.8950|1088.6390|1080.0730|R_Astrodon_2018|2458969.059976852|180.0|21.6559|2.5603|34.6786|1.7555
417|2020-04-29|13:37:37|Mkn421-20200429@133732-R_Astrodon_2018_calib.fits|Mkn421|11 04 27.30|+38 12 32.0|166.1137|38.2089|1017.4116|971.2438|R_Astrodon_2018|2458969.067789352|180.0|21.3929|3.2874|69.2423|1.0710
418|2020-04-29|13:40:52|Mkn421-20200429@134052-R_Astrodon_2018_calib.fits|Mkn421|11 04 27.30|+38 12 32.0|166.1137|38.2089|1018.8454|971.7984|R_Astrodon_2018|2458969.0700462963|180.0|21.4080|3.2934|68.7484|1.0747
419|2020-04-29|13:08:36|OJ248-20200429@130831-R_Astrodon_2018_calib.fits|OJ248|08 30 52.10|+24 11 00.0|127.7171|24.1833|1050.9600|1000.4127|R_Astrodon_2018|2458969.047638889|180.0|21.0895|2.9178|46.0734|1.3977
420|2020-04-29|13:11:51|OJ248-20200429@131150-R_Astrodon_2018_calib.fits|OJ248|08 30 52.10|+24 11 00.0|127.7171|24.1833|1051.7727|1002.9833|R_Astrodon_2018|2458969.0498958332|180.0|21.1130|2.7088|45.3403|1.4157
421|2020-04-29|13:15:24|OJ287-20200429@131524-R_Astrodon_2018_calib.fits|OJ287|08 54 48.90|+20 06 31.0|133.7037|20.1086|1015.9895|1015.1861|R_Astrodon_2018|2458969.052361111|180.0|21.6911|2.8212|49.1793|1.3298
422|2020-04-29|13:18:40|OJ287-20200429@131839-R_Astrodon_2018_calib.fits|OJ287|08 54 48.90|+20 06 31.0|133.7037|20.1086|1016.9122|1017.2859|R_Astrodon_2018|2458969.0546296295|180.0|21.6841|2.7753|48.4301|1.3455
423|2020-04-29|12:53:01|OJ49-20200429@125256-R_Astrodon_2018_calib.fits|OJ49|08 31 48.90|+04 29 39.0|127.9537|4.4942|986.3174|978.8794|R_Astrodon_2018|2458969.0368171297|180.0|21.1695|2.5791|43.4494|1.4656
424|2020-04-29|12:56:17|OJ49-20200429@125617-R_Astrodon_2018_calib.fits|OJ49|08 31 48.90|+04 29 39.0|127.9537|4.4942|987.6509|980.3787|R_Astrodon_2018|2458969.039085648|180.0|21.1667|2.6338|42.7303|1.4860
425|2020-04-29|15:33:59|ON231-20200429@153356-R_Astrodon_2018_calib.fits|ON231|12 21 31.70|+28 13 59.0|185.3821|28.2331|1021.9429|1023.8045|R_Astrodon_2018|2458969.148599537|180.0|21.4025|2.5351|65.2580|1.1049
426|2020-04-29|15:37:16|ON231-20200429@153716-R_Astrodon_2018_calib.fits|ON231|12 21 31.70|+28 13 59.0|185.3821|28.2331|1022.6595|1024.6022|R_Astrodon_2018|2458969.1508796294|180.0|21.4094|2.5249|64.5352|1.1117
427|2020-04-29|13:30:03|S4_0954+65-20200429@133002-R_Astrodon_2018_calib.fits|S4_0954+65|09 58 47.20|+65 33 55.0|149.6967|65.5653|1072.0506|1041.5144|R_Astrodon_2018|2458969.062534722|180.0|21.0972|2.5632|43.2792|1.4579
428|2020-04-29|13:33:18|S4_0954+65-20200429@133317-R_Astrodon_2018_calib.fits|S4_0954+65|09 58 47.20|+65 33 55.0|149.6967|65.5653|1072.6741|1041.8539|R_Astrodon_2018|2458969.064791667|180.0|21.0852|2.4738|43.0542|1.4642
429|2020-04-29|13:00:52|S5_0716+71-20200429@130047-R_Astrodon_2018_calib.fits|S5_0716+71|07 21 53.40|+71 20 36.0|110.4725|71.3433|1118.0634|1098.8299|R_Astrodon_2018|2458969.0422685184|180.0|21.5813|2.5316|30.5271|1.9658
430|2020-04-29|13:04:07|S5_0716+71-20200429@130407-R_Astrodon_2018_calib.fits|S5_0716+71|07 21 53.40|+71 20 36.0|110.4725|71.3433|1118.0073|1099.1591|R_Astrodon_2018|2458969.044525463|180.0|21.5869|2.5390|30.2781|1.9805
431|2020-04-30|16:27:13|3C273-20200430@162710-R_Astrodon_2018_calib.fits|3C273|12 29 06.70|+02 03 09.0|187.2779|2.0525|975.6128|1068.7733|R_Astrodon_2018|2458970.1855671294|180.0|21.2539|2.2241|46.2080|1.3954
432|2020-04-30|16:38:31|3C273-20200430@163828-R_Astrodon_2018_calib.fits|3C273|12 29 06.70|+02 03 09.0|187.2779|2.0525|1028.2959|1030.2402|R_Astrodon_2018|2458970.193414352|180.0|21.2197|2.3238|43.8038|1.4566
433|2020-04-30|16:42:27|3C279-20200430@164224-R_Astrodon_2018_calib.fits|3C279|12 56 11.10|-05 47 22.0|194.0462|-5.7894|1002.4797|1037.4818|R_Astrodon_2018|2458970.1961458335|180.0|21.3500|2.2955|43.8828|1.4530
434|2020-04-30|16:45:43|3C279-20200430@164543-R_Astrodon_2018_calib.fits|3C279|12 56 11.10|-05 47 22.0|194.0462|-5.7894|1003.8353|1038.3766|R_Astrodon_2018|2458970.198414352|180.0|21.3515|2.2820|43.2629|1.4698
435|2020-04-30|16:13:10|4C29-45-20200430@161307-R_Astrodon_2018_calib.fits|4C29-45|11 59 31.80|+29 14 44.0|179.8825|29.2456|1096.5353|997.5166|R_Astrodon_2018|2458970.1758101853|180.0|21.5085|2.5316|50.9484|1.2954
436|2020-04-30|16:16:27|4C29-45-20200430@161627-R_Astrodon_2018_calib.fits|4C29-45|11 59 31.80|+29 14 44.0|179.8825|29.2456|1097.4090|999.5897|R_Astrodon_2018|2458970.1780902776|180.0|21.4537|2.2472|50.2307|1.3090
437|2020-04-30|13:51:20|4C71-07-20200430@135120-R_Astrodon_2018_calib.fits|4C71-07|08 41 24.30|+70 53 42.0|130.3512|70.8950|1017.4104|1140.4851|R_Astrodon_2018|2458970.077314815|180.0|21.6258|2.2051|32.5747|1.8552
438|2020-04-30|13:54:35|4C71-07-20200430@135434-R_Astrodon_2018_calib.fits|4C71-07|08 41 24.30|+70 53 42.0|130.3512|70.8950|1017.9222|1141.4460|R_Astrodon_2018|2458970.0795717593|180.0|21.6222|2.2553|32.3296|1.8678
439|2020-04-30|16:05:34|4C71-07-20200430@160531-R_Astrodon_2018_calib.fits|4C71-07|08 41 24.30|+70 53 42.0|130.3512|70.8950|1150.6276|1171.3593|R_Astrodon_2018|2458970.1705324072|180.0|21.5333|2.3092|21.7900|2.6874
440|2020-04-30|16:08:51|4C71-07-20200430@160851-R_Astrodon_2018_calib.fits|4C71-07|08 41 24.30|+70 53 42.0|130.3512|70.8950|1152.3382|1171.5017|R_Astrodon_2018|2458970.1728125|180.0|21.5400|2.2548|21.5242|2.7190
441|2020-04-30|14:13:06|DA406-20200430@141306-R_Astrodon_2018_calib.fits|DA406|16 13 41.00|+34 12 48.0|243.4208|34.2133|-351.7239|1153.6149|R_Astrodon_2018|2458970.0924305557|180.0|21.3309|2.6620|45.1188|1.3980
442|2020-04-30|14:16:45|DA406-20200430@141645-R_Astrodon_2018_calib.fits|DA406|16 13 41.00|+34 12 48.0|243.4208|34.2133|1024.1099|1028.8802|R_Astrodon_2018|2458970.0949652777|180.0|21.3460|2.4456|45.8755|1.3804
443|2020-04-30|14:05:19|Mkn421-20200430@140518-R_Astrodon_2018_calib.fits|Mkn421|11 04 27.30|+38 12 32.0|166.1137|38.2089|956.0253|1086.5075|R_Astrodon_2018|2458970.087025463|180.0|21.4249|3.0881|64.0534|1.1147
444|2020-04-30|14:08:33|Mkn421-20200430@140833-R_Astrodon_2018_calib.fits|Mkn421|11 04 27.30|+38 12 32.0|166.1137|38.2089|957.2626|1087.0535|R_Astrodon_2018|2458970.0892708334|180.0|21.4237|3.8802|63.4849|1.1203
445|2020-04-30|16:19:48|ON231-20200430@161948-R_Astrodon_2018_calib.fits|ON231|12 21 31.70|+28 13 59.0|185.3821|28.2331|1018.7322|1015.2454|R_Astrodon_2018|2458970.1804166664|180.0|21.3650|2.4621|54.2798|1.2383
446|2020-04-30|16:23:04|ON231-20200430@162304-R_Astrodon_2018_calib.fits|ON231|12 21 31.70|+28 13 59.0|185.3821|28.2331|1019.6245|1016.9014|R_Astrodon_2018|2458970.182685185|180.0|21.3554|2.4234|53.5587|1.2500
447|2020-04-30|13:58:16|S4_0954+65-20200430@135816-R_Astrodon_2018_calib.fits|S4_0954+65|09 58 47.20|+65 33 55.0|149.6967|65.5653|1004.5489|1111.3672|R_Astrodon_2018|2458970.08212963|180.0|21.0867|2.2742|40.8776|1.5279
448|2020-04-30|14:01:31|S4_0954+65-20200430@140131-R_Astrodon_2018_calib.fits|S4_0954+65|09 58 47.20|+65 33 55.0|149.6967|65.5653|1005.0839|1112.0221|R_Astrodon_2018|2458970.084386574|180.0|21.1017|2.2367|40.6146|1.5362
449|2020-04-30|13:44:23|S5_0716+71-20200430@134423-R_Astrodon_2018_calib.fits|S5_0716+71|07 21 53.40|+71 20 36.0|110.4725|71.3433|1015.6672|1185.2147|R_Astrodon_2018|2458970.0724884258|180.0|21.5244|2.0501|26.8069|2.2129
450|2020-04-30|13:47:39|S5_0716+71-20200430@134738-R_Astrodon_2018_calib.fits|S5_0716+71|07 21 53.40|+71 20 36.0|110.4725|71.3433|1016.6711|1185.5200|R_Astrodon_2018|2458970.0747569446|180.0|21.5282|2.2838|26.5461|2.2331
