ID|DateObs|TimeObs|Filename|Object|RA_hhmmss|DEC_ddmmss|RA_deg|DEC_deg|RA_pix|Dec_pix|FilterName|JD|ExpTime_sec|Zmag|FWHM|Altitude|Airmass
1|2019-11-02|11:49:15|3C371-20191102@114909-R_Astrodon_2018_calib.fits|3C371|18 06 50.70|+69 49 28.0|271.7112|69.8244|1007.6355|984.4836|R_Astrodon_2018|2458789.992534722|180.0|21.3920|3.4999|29.5125|2.0412
2|2019-11-02|11:52:30|3C371-20191102@115230-R_Astrodon_2018_calib.fits|3C371|18 06 50.70|+69 49 28.0|271.7112|69.8244|1015.5348|983.4857|R_Astrodon_2018|2458789.9947916665|180.0|21.3642|3.8142|29.2376|2.0588
3|2019-11-02|12:12:34|3C454-3-20191102@121234-R_Astrodon_2018_calib.fits|3C454-3|22 53 57.70|+16 08 54.0|343.4904|16.1483|1021.9380|1054.2419|R_Astrodon_2018|2458790.008726852|180.0|20.8159|3.7254|82.4400|1.0088
4|2019-11-02|12:15:49|3C454-3-20191102@121548-R_Astrodon_2018_calib.fits|3C454-3|22 53 57.70|+16 08 54.0|343.4904|16.1483|1023.1232|1050.6751|R_Astrodon_2018|2458790.0109837963|180.0|20.8084|3.7932|82.2133|1.0095
5|2019-11-02|16:02:24|3C454-3-20191102@160219-R_Astrodon_2018_calib.fits|3C454-3|22 53 57.70|+16 08 54.0|343.4904|16.1483|1003.5679|947.6003|R_Astrodon_2018|2458790.1683333335|180.0|20.8693|2.2454|33.7997|1.8154
6|2019-11-02|16:05:39|3C454-3-20191102@160538-R_Astrodon_2018_calib.fits|3C454-3|22 53 57.70|+16 08 54.0|343.4904|16.1483|1003.9978|949.9028|R_Astrodon_2018|2458790.1705902778|180.0|20.8790|2.2494|33.0546|1.8520
7|2019-11-02|16:25:17|3C66A-20191102@162511-R_Astrodon_2018_calib.fits|3C66A|02 22 39.60|+43 02 08.0|35.6650|43.0356|1013.3190|950.6688|R_Astrodon_2018|2458790.184224537|180.0|21.7434|2.4497|67.6038|1.0835
8|2019-11-02|16:28:33|3C66A-20191102@162832-R_Astrodon_2018_calib.fits|3C66A|02 22 39.60|+43 02 08.0|35.6650|43.0356|1013.7773|951.4128|R_Astrodon_2018|2458790.1864930554|180.0|21.7303|2.2393|67.2675|1.0863
9|2019-11-02|11:41:42|4C51-37-20191102@114135-R_Astrodon_2018_calib.fits|4C51-37|17 40 37.00|+52 11 43.0|265.1542|52.1953|1026.6339|1024.6937|R_Astrodon_2018|2458789.9872916667|180.0|21.4406|3.7060|28.8635|2.0911
10|2019-11-02|11:44:57|4C51-37-20191102@114456-R_Astrodon_2018_calib.fits|4C51-37|17 40 37.00|+52 11 43.0|265.1542|52.1953|1035.0685|1024.2449|R_Astrodon_2018|2458789.989548611|180.0|21.4120|4.0320|28.3644|2.1253
11|2019-11-02|12:05:41|CTA102-20191102@120534-R_Astrodon_2018_calib.fits|CTA102|22 32 36.40|+11 43 51.0|338.1517|11.7308|1023.7394|1009.3168|R_Astrodon_2018|2458790.0039467593|180.0|21.1867|3.3666|77.1018|1.0264
12|2019-11-02|12:08:57|CTA102-20191102@120856-R_Astrodon_2018_calib.fits|CTA102|22 32 36.40|+11 43 51.0|338.1517|11.7308|1025.0613|1006.4842|R_Astrodon_2018|2458790.0062152776|180.0|21.1835|3.4609|76.7600|1.0279
13|2019-11-02|16:17:33|ES2344+514-20191102@161726-R_Astrodon_2018_calib.fits|ES2344+514|23 47 04.00|+51 42 18.0|356.7667|51.7050|1056.4129|944.1874|R_Astrodon_2018|2458790.1788541665|180.0|21.7517|2.3274|42.5966|1.4857
14|2019-11-02|16:20:49|ES2344+514-20191102@162049-R_Astrodon_2018_calib.fits|ES2344+514|23 47 04.00|+51 42 18.0|356.7667|51.7050|1055.9670|946.5802|R_Astrodon_2018|2458790.1811226853|180.0|21.7484|2.2300|42.1101|1.4998
15|2019-11-02|16:09:59|L-Lacertae-20191102@160953-R_Astrodon_2018_calib.fits|L-Lacertae|22 02 43.30|+42 16 40.0|330.6804|42.2778|1040.9103|1088.2726|R_Astrodon_2018|2458790.173599537|180.0|21.4721|2.4350|26.8177|2.2369
16|2019-11-02|16:13:14|L-Lacertae-20191102@161313-R_Astrodon_2018_calib.fits|L-Lacertae|22 02 43.30|+42 16 40.0|330.6804|42.2778|1040.8552|1089.5873|R_Astrodon_2018|2458790.1758564813|180.0|21.4678|2.2080|26.2216|2.2846
17|2019-11-02|21:11:50|PKS0735+17-20191102@211145-R_Astrodon_2018_calib.fits|PKS0735+17|07 38 07.40|+17 42 19.0|114.5308|17.7053|1024.1428|1023.0692|R_Astrodon_2018|2458790.3832175927|180.0|21.6269|2.6167|81.8533|1.0111
18|2019-11-02|21:15:06|PKS0735+17-20191102@211505-R_Astrodon_2018_calib.fits|PKS0735+17|07 38 07.40|+17 42 19.0|114.5308|17.7053|1025.2753|1022.3487|R_Astrodon_2018|2458790.385486111|180.0|21.5997|2.6406|81.2951|1.0127
19|2019-11-02|11:57:56|PKS2155-304-20191102@115750-R_Astrodon_2018_calib.fits|PKS2155-304|21 58 52.00|-30 13 32.0|329.7167|-30.2256|1026.0583|1024.7087|R_Astrodon_2018|2458789.9985648147|180.0|21.2865|2.9705|35.0607|1.7374
20|2019-11-02|12:01:12|PKS2155-304-20191102@120111-R_Astrodon_2018_calib.fits|PKS2155-304|21 58 52.00|-30 13 32.0|329.7167|-30.2256|1030.2689|1026.4347|R_Astrodon_2018|2458790.0008333335|180.0|21.2476|3.0042|34.8890|1.7451
21|2019-11-05|14:40:56|3C454-3-20191105@144056-R_Astrodon_2018_calib.fits|3C454-3|22 53 57.70|+16 08 54.0|343.4904|16.1483|1035.7059|1004.2280|R_Astrodon_2018|2458793.1117592594|180.0|20.7199|3.1036|49.8088|1.3169
22|2019-11-05|14:44:10|3C454-3-20191105@144410-R_Astrodon_2018_calib.fits|3C454-3|22 53 57.70|+16 08 54.0|343.4904|16.1483|1036.3948|1006.2582|R_Astrodon_2018|2458793.1140046297|180.0|20.7426|2.8385|49.0659|1.3320
23|2019-11-05|15:05:08|3C66A-20191105@150502-R_Astrodon_2018_calib.fits|3C66A|02 22 39.60|+43 02 08.0|35.6650|43.0356|1021.8841|1027.1735|R_Astrodon_2018|2458793.128564815|180.0|21.7305|2.4635|70.1626|1.0631
24|2019-11-05|19:26:27|3C66A-20191105@192621-R_Astrodon_2018_calib.fits|3C66A|02 22 39.60|+43 02 08.0|35.6650|43.0356|1033.1281|1140.3610|R_Astrodon_2018|2458793.310034722|180.0|21.6859|2.4216|36.2345|1.7011
25|2019-11-05|19:30:47|AO0235+16-20191105@193041-R_Astrodon_2018_calib.fits|AO0235+16|02 38 38.90|+16 36 59.0|39.6621|16.6164|988.9704|1006.6533|R_Astrodon_2018|2458793.3130439813|180.0|21.7760|2.4193|34.8339|1.7659
26|2019-11-05|19:34:01|AO0235+16-20191105@193401-R_Astrodon_2018_calib.fits|AO0235+16|02 38 38.90|+16 36 59.0|39.6621|16.6164|989.5439|1008.7922|R_Astrodon_2018|2458793.315289352|180.0|21.7457|2.6660|34.0928|1.8000
27|2019-11-05|14:34:07|CTA102-20191105@143402-R_Astrodon_2018_calib.fits|CTA102|22 32 36.40|+11 43 51.0|338.1517|11.7308|1024.1135|1024.0627|R_Astrodon_2018|2458793.107025463|180.0|21.0094|3.2527|45.0097|1.4235
28|2019-11-05|14:37:21|CTA102-20191105@143721-R_Astrodon_2018_calib.fits|CTA102|22 32 36.40|+11 43 51.0|338.1517|11.7308|1025.5611|1025.8321|R_Astrodon_2018|2458793.1092708334|180.0|21.0526|3.0244|44.2713|1.4427
29|2019-11-05|14:56:04|ES2344+514-20191105@145558-R_Astrodon_2018_calib.fits|ES2344+514|23 47 04.00|+51 42 18.0|356.7667|51.7050|1044.5460|964.4420|R_Astrodon_2018|2458793.1222685184|180.0|21.7517|2.5110|52.2823|1.2692
30|2019-11-05|14:59:21|ES2344+514-20191105@145920-R_Astrodon_2018_calib.fits|ES2344+514|23 47 04.00|+51 42 18.0|356.7667|51.7050|1044.1471|965.9047|R_Astrodon_2018|2458793.124548611|180.0|21.7394|2.4313|51.8667|1.2765
31|2019-11-05|14:48:30|L-Lacertae-20191105@144825-R_Astrodon_2018_calib.fits|L-Lacertae|22 02 43.30|+42 16 40.0|330.6804|42.2778|1069.5143|1047.2664|R_Astrodon_2018|2458793.117013889|180.0|21.4938|3.0957|39.7082|1.5768
32|2019-11-05|14:51:46|L-Lacertae-20191105@145145-R_Astrodon_2018_calib.fits|L-Lacertae|22 02 43.30|+42 16 40.0|330.6804|42.2778|1068.9625|1049.3050|R_Astrodon_2018|2458793.119282407|180.0|21.4966|3.0284|39.1030|1.5974
33|2019-11-05|19:47:17|OJ248-20191105@194712-R_Astrodon_2018_calib.fits|OJ248|08 30 52.10|+24 11 00.0|127.7171|24.1833|1024.8019|1023.3785|R_Astrodon_2018|2458793.324502315|180.0|21.2581|2.0333|66.9038|1.0834
34|2019-11-05|19:50:32|OJ248-20191105@195031-R_Astrodon_2018_calib.fits|OJ248|08 30 52.10|+24 11 00.0|127.7171|24.1833|1024.1553|1023.5755|R_Astrodon_2018|2458793.326759259|180.0|21.2389|2.2018|67.6458|1.0773
35|2019-11-05|19:54:21|OJ287-20191105@195421-R_Astrodon_2018_calib.fits|OJ287|08 54 48.90|+20 06 31.0|133.7037|20.1086|1030.1010|1022.0834|R_Astrodon_2018|2458793.3294097222|180.0|21.7381|2.1644|62.4639|1.1229
36|2019-11-05|21:02:51|OJ287-20191105@210246-R_Astrodon_2018_calib.fits|OJ287|08 54 48.90|+20 06 31.0|133.7037|20.1086|985.4414|1002.4630|R_Astrodon_2018|2458793.3769791666|180.0|21.7131|2.7335|78.0881|1.0204
37|2019-11-05|21:06:07|OJ287-20191105@210606-R_Astrodon_2018_calib.fits|OJ287|08 54 48.90|+20 06 31.0|133.7037|20.1086|985.2148|1005.0026|R_Astrodon_2018|2458793.379247685|180.0|21.7215|2.6244|78.8149|1.0179
38|2019-11-05|21:10:20|OJ49-20191105@211014-R_Astrodon_2018_calib.fits|OJ49|08 31 48.90|+04 29 39.0|127.9537|4.4942|1038.6153|1049.1598|R_Astrodon_2018|2458793.382175926|180.0|21.1298|3.0522|70.4938|1.0604
39|2019-11-05|21:13:36|OJ49-20191105@211335-R_Astrodon_2018_calib.fits|OJ49|08 31 48.90|+04 29 39.0|127.9537|4.4942|1036.3581|1051.4022|R_Astrodon_2018|2458793.3844444444|180.0|20.9911|2.9463|70.6618|1.0594
40|2019-11-05|19:39:49|PKS0735+17-20191105@193944-R_Astrodon_2018_calib.fits|PKS0735+17|07 38 07.40|+17 42 19.0|114.5308|17.7053|1021.1962|1025.4944|R_Astrodon_2018|2458793.3193171294|180.0|21.6438|2.4470|75.7317|1.0299
41|2019-11-05|19:43:05|PKS0735+17-20191105@194304-R_Astrodon_2018_calib.fits|PKS0735+17|07 38 07.40|+17 42 19.0|114.5308|17.7053|1020.1745|1027.5090|R_Astrodon_2018|2458793.321585648|180.0|21.6399|2.4817|76.4285|1.0270
42|2019-11-05|21:19:27|S5_0716+71-20191105@211922-R_Astrodon_2018_calib.fits|S5_0716+71|07 21 53.40|+71 20 36.0|110.4725|71.3433|1020.9443|1021.0478|R_Astrodon_2018|2458793.3885069443|180.0|21.4131|3.1408|41.3495|1.5151
43|2019-11-06|14:17:51|3C454-3-20191106@141751-R_Astrodon_2018_calib.fits|3C454-3|22 53 57.70|+16 08 54.0|343.4904|16.1483|1035.3767|1007.5908|R_Astrodon_2018|2458794.0957291666|180.0|20.6097|2.6403|54.2034|1.2393
44|2019-11-06|14:21:06|3C454-3-20191106@142105-R_Astrodon_2018_calib.fits|3C454-3|22 53 57.70|+16 08 54.0|343.4904|16.1483|1035.9303|1009.1617|R_Astrodon_2018|2458794.097986111|180.0|20.4654|2.7224|53.4585|1.2514
45|2019-11-06|14:42:02|3C66A-20191106@144157-R_Astrodon_2018_calib.fits|3C66A|02 22 39.60|+43 02 08.0|35.6650|43.0356|1021.8054|1027.3812|R_Astrodon_2018|2458794.1125231483|180.0|21.6968|2.8130|69.1380|1.0697
46|2019-11-06|14:45:18|3C66A-20191106@144517-R_Astrodon_2018_calib.fits|3C66A|02 22 39.60|+43 02 08.0|35.6650|43.0356|1021.7052|1029.6542|R_Astrodon_2018|2458794.1147916666|180.0|21.6779|2.7039|69.3629|1.0682
47|2019-11-06|14:50:38|AO0235+16-20191106@145031-R_Astrodon_2018_calib.fits|AO0235+16|02 38 38.90|+16 36 59.0|39.6621|16.6164|1061.3236|998.1460|R_Astrodon_2018|2458794.1184953703|180.0|21.7322|3.1825|77.9243|1.0209
48|2019-11-06|14:11:02|CTA102-20191106@141057-R_Astrodon_2018_calib.fits|CTA102|22 32 36.40|+11 43 51.0|338.1517|11.7308|1024.4021|1025.1838|R_Astrodon_2018|2458794.0909953704|180.0|20.9051|2.4789|49.3681|1.3255
49|2019-11-06|14:14:17|CTA102-20191106@141416-R_Astrodon_2018_calib.fits|CTA102|22 32 36.40|+11 43 51.0|338.1517|11.7308|1025.9439|1026.9331|R_Astrodon_2018|2458794.0932523147|180.0|20.9539|2.3991|48.6306|1.3406
50|2019-11-06|14:33:01|ES2344+514-20191106@143256-R_Astrodon_2018_calib.fits|ES2344+514|23 47 04.00|+51 42 18.0|356.7667|51.7050|1041.2769|973.9899|R_Astrodon_2018|2458794.106261574|180.0|21.7267|2.5270|54.5877|1.2313
51|2019-11-06|14:36:18|ES2344+514-20191106@143618-R_Astrodon_2018_calib.fits|ES2344+514|23 47 04.00|+51 42 18.0|356.7667|51.7050|1040.8145|975.0972|R_Astrodon_2018|2458794.1085416665|180.0|21.7313|2.5223|54.2067|1.2373
52|2019-11-06|14:25:26|L-Lacertae-20191106@142521-R_Astrodon_2018_calib.fits|L-Lacertae|22 02 43.30|+42 16 40.0|330.6804|42.2778|1071.7058|1046.0761|R_Astrodon_2018|2458794.10099537|180.0|21.4343|2.5404|43.2437|1.4695
53|2019-11-06|14:28:41|L-Lacertae-20191106@142841-R_Astrodon_2018_calib.fits|L-Lacertae|22 02 43.30|+42 16 40.0|330.6804|42.2778|1071.2424|1048.3206|R_Astrodon_2018|2458794.103252315|180.0|21.4667|2.3646|42.6447|1.4863
54|2019-11-07|10:33:19|3C345-20191107@103319-R_Astrodon_2018_calib.fits|3C345|16 42 58.80|+39 48 37.0|250.7450|39.8103|1023.0604|1022.7606|R_Astrodon_2018|2458794.939803241|180.0|20.6754|3.1712|26.0842|2.3024
55|2019-11-07|10:36:34|3C345-20191107@103633-R_Astrodon_2018_calib.fits|3C345|16 42 58.80|+39 48 37.0|250.7450|39.8103|1023.4524|1023.3787|R_Astrodon_2018|2458794.942060185|180.0|20.6704|3.2433|25.4678|2.3550
56|2019-11-07|10:55:03|3C371-20191107@105457-R_Astrodon_2018_calib.fits|3C371|18 06 50.70|+69 49 28.0|271.7112|69.8244|1042.6913|1050.2358|R_Astrodon_2018|2458794.9548958335|180.0|21.3702|3.2023|32.3713|1.8762
57|2019-11-07|10:58:18|3C371-20191107@105817-R_Astrodon_2018_calib.fits|3C371|18 06 50.70|+69 49 28.0|271.7112|69.8244|1041.5981|1051.2019|R_Astrodon_2018|2458794.957152778|180.0|21.3741|3.1689|32.1082|1.8901
58|2019-11-07|15:42:09|3C454-3-20191107@154208-R_Astrodon_2018_calib.fits|3C454-3|22 53 57.70|+16 08 54.0|343.4904|16.1483|1033.0192|999.2406|R_Astrodon_2018|2458795.1542708334|180.0|20.7051|2.9830|33.9352|1.8080
59|2019-11-07|15:45:23|3C454-3-20191107@154522-R_Astrodon_2018_calib.fits|3C454-3|22 53 57.70|+16 08 54.0|343.4904|16.1483|1033.1180|1002.1009|R_Astrodon_2018|2458795.1565162037|180.0|20.6002|3.1349|33.1939|1.8444
60|2019-11-07|16:05:01|3C66A-20191107@160455-R_Astrodon_2018_calib.fits|3C66A|02 22 39.60|+43 02 08.0|35.6650|43.0356|1011.9911|955.1848|R_Astrodon_2018|2458795.170150463|180.0|21.7123|3.3727|67.6647|1.0830
61|2019-11-07|16:08:16|3C66A-20191107@160816-R_Astrodon_2018_calib.fits|3C66A|02 22 39.60|+43 02 08.0|35.6650|43.0356|1012.5557|955.7931|R_Astrodon_2018|2458795.1724074073|180.0|21.7172|3.3747|67.3329|1.0857
62|2019-11-07|10:26:32|4C38-41-20191107@102627-R_Astrodon_2018_calib.fits|4C38-41|16 35 15.50|+38 08 04.0|248.8146|38.1344|1094.0109|1105.9438|R_Astrodon_2018|2458794.9350925926|180.0|20.8983|3.6857|25.6113|2.3419
63|2019-11-07|10:29:47|4C38-41-20191107@102947-R_Astrodon_2018_calib.fits|4C38-41|16 35 15.50|+38 08 04.0|248.8146|38.1344|1094.0532|1106.8044|R_Astrodon_2018|2458794.937349537|180.0|20.9823|3.2393|24.9820|2.3978
64|2019-11-07|10:47:34|4C51-37-20191107@104728-R_Astrodon_2018_calib.fits|4C51-37|17 40 37.00|+52 11 43.0|265.1542|52.1953|1047.2614|990.4757|R_Astrodon_2018|2458794.949699074|180.0|21.4673|2.9343|34.1555|1.7961
65|2019-11-07|10:50:48|4C51-37-20191107@105048-R_Astrodon_2018_calib.fits|4C51-37|17 40 37.00|+52 11 43.0|265.1542|52.1953|1047.1792|992.8069|R_Astrodon_2018|2458794.9519444443|180.0|21.4543|2.9306|33.6604|1.8197
66|2019-11-07|16:13:34|AO0235+16-20191107@161327-R_Astrodon_2018_calib.fits|AO0235+16|02 38 38.90|+16 36 59.0|39.6621|16.6164|971.2565|1061.7922|R_Astrodon_2018|2458795.176087963|180.0|21.6821|3.5545|77.4679|1.0257
67|2019-11-07|16:17:03|AO0235+16-20191107@161702-R_Astrodon_2018_calib.new|AO0235+16|02 38 38.90|+16 36 59.0|39.6621|16.6164|972.0243|1060.5135|R_Astrodon_2018|2458795.1785069443|180.0|-9999.0000|-9999.0000|76.7744|1.0287
68|2019-11-07|11:50:02|CTA102-20191107@114956-R_Astrodon_2018_calib.new|CTA102|22 32 36.40|+11 43 51.0|338.1517|11.7308|1052.4753|907.4178|R_Astrodon_2018|2458794.9930787035|180.0|-9999.0000|-9999.0000|76.6772|1.0283
69|2019-11-07|15:35:19|CTA102-20191107@153514-R_Astrodon_2018_calib.fits|CTA102|22 32 36.40|+11 43 51.0|338.1517|11.7308|943.8618|1127.9397|R_Astrodon_2018|2458795.149525463|180.0|21.0373|2.7250|29.1616|2.0725
70|2019-11-07|15:38:35|CTA102-20191107@153835-R_Astrodon_2018_calib.fits|CTA102|22 32 36.40|+11 43 51.0|338.1517|11.7308|945.0257|1129.3161|R_Astrodon_2018|2458795.1517939814|180.0|21.0251|2.7237|28.4105|2.1233
71|2019-11-07|15:57:18|ES2344+514-20191107@155711-R_Astrodon_2018_calib.fits|ES2344+514|23 47 04.00|+51 42 18.0|356.7667|51.7050|1055.1198|942.1335|R_Astrodon_2018|2458795.164791667|180.0|21.7548|3.0100|42.6843|1.4832
72|2019-11-07|16:00:33|ES2344+514-20191107@160032-R_Astrodon_2018_calib.fits|ES2344+514|23 47 04.00|+51 42 18.0|356.7667|51.7050|1054.6647|944.1696|R_Astrodon_2018|2458795.167048611|180.0|21.7474|3.0288|42.2008|1.4971
73|2019-11-07|15:49:42|L-Lacertae-20191107@154937-R_Astrodon_2018_calib.fits|L-Lacertae|22 02 43.30|+42 16 40.0|330.6804|42.2778|1053.6082|1062.9144|R_Astrodon_2018|2458795.159513889|180.0|21.4360|2.8231|26.9323|2.2288
74|2019-11-07|15:52:58|L-Lacertae-20191107@155258-R_Astrodon_2018_calib.fits|L-Lacertae|22 02 43.30|+42 16 40.0|330.6804|42.2778|1053.9215|1063.7852|R_Astrodon_2018|2458795.161782407|180.0|21.4266|2.9775|26.3329|2.2761
75|2019-11-07|10:40:06|Mkn501-20191107@104005-R_Astrodon_2018_calib.fits|Mkn501|16 53 52.20|+39 45 37.0|253.4675|39.7603|1024.9228|1015.4615|R_Astrodon_2018|2458794.944513889|180.0|21.1674|3.3928|26.8507|2.2407
76|2019-11-07|10:43:21|Mkn501-20191107@104320-R_Astrodon_2018_calib.fits|Mkn501|16 53 52.20|+39 45 37.0|253.4675|39.7603|1025.0484|1017.0699|R_Astrodon_2018|2458794.9467708333|180.0|21.1823|3.2522|26.2328|2.2905
77|2019-11-07|11:03:34|PKS2155-304-20191107@110327-R_Astrodon_2018_calib.fits|PKS2155-304|21 58 52.00|-30 13 32.0|329.7167|-30.2256|877.6081|996.6799|R_Astrodon_2018|2458794.9608101854|180.0|21.0379|3.6336|36.2059|1.6857
78|2019-11-07|11:06:49|PKS2155-304-20191107@110648-R_Astrodon_2018_calib.fits|PKS2155-304|21 58 52.00|-30 13 32.0|329.7167|-30.2256|880.7510|993.8706|R_Astrodon_2018|2458794.9630671297|180.0|21.1051|3.2235|36.1526|1.6881
79|2019-11-08|10:38:19|3C345-20191108@103818-R_Astrodon_2018_calib.fits|3C345|16 42 58.80|+39 48 37.0|250.7450|39.8103|1025.5895|1020.9366|R_Astrodon_2018|2458795.943275463|180.0|20.7255|3.0712|24.3925|2.4523
80|2019-11-08|10:41:33|3C345-20191108@104132-R_Astrodon_2018_calib.fits|3C345|16 42 58.80|+39 48 37.0|250.7450|39.8103|1026.0252|1022.4477|R_Astrodon_2018|2458795.945520833|180.0|20.7426|2.8347|23.7818|2.5128
81|2019-11-08|10:56:51|3C371-20191108@105646-R_Astrodon_2018_calib.fits|3C371|18 06 50.70|+69 49 28.0|271.7112|69.8244|1048.2919|1050.0385|R_Astrodon_2018|2458795.9561458332|180.0|21.4026|2.6690|31.9063|1.9007
82|2019-11-08|11:00:06|3C371-20191108@110005-R_Astrodon_2018_calib.fits|3C371|18 06 50.70|+69 49 28.0|271.7112|69.8244|1047.1430|1050.8296|R_Astrodon_2018|2458795.9584027776|180.0|21.3943|2.7305|31.6408|1.9151
83|2019-11-08|15:52:55|3C454-3-20191108@155254-R_Astrodon_2018_calib.fits|3C454-3|22 53 57.70|+16 08 54.0|343.4904|16.1483|1034.2037|998.6614|R_Astrodon_2018|2458796.161747685|180.0|20.6680|2.8346|30.5675|1.9864
84|2019-11-08|15:56:09|3C454-3-20191108@155608-R_Astrodon_2018_calib.fits|3C454-3|22 53 57.70|+16 08 54.0|343.4904|16.1483|1034.6389|1000.0097|R_Astrodon_2018|2458796.1639930555|180.0|20.6805|2.7455|29.8276|2.0320
85|2019-11-08|16:23:35|3C66A-20191108@162329-R_Astrodon_2018_calib.fits|3C66A|02 22 39.60|+43 02 08.0|35.6650|43.0356|1013.7366|943.1575|R_Astrodon_2018|2458796.1830439814|180.0|21.7463|2.5423|65.0876|1.1052
86|2019-11-08|16:26:50|3C66A-20191108@162649-R_Astrodon_2018_calib.fits|3C66A|02 22 39.60|+43 02 08.0|35.6650|43.0356|1014.1048|943.4229|R_Astrodon_2018|2458796.1853009257|180.0|21.7418|2.8274|64.6669|1.1091
87|2019-11-08|10:31:34|4C38-41-20191108@103127-R_Astrodon_2018_calib.fits|4C38-41|16 35 15.50|+38 08 04.0|248.8146|38.1344|853.4824|1149.0343|R_Astrodon_2018|2458795.938587963|180.0|21.0321|3.1195|23.8778|2.4999
88|2019-11-08|10:34:48|4C38-41-20191108@103447-R_Astrodon_2018_calib.fits|4C38-41|16 35 15.50|+38 08 04.0|248.8146|38.1344|854.6808|1148.8816|R_Astrodon_2018|2458795.9408333334|180.0|20.9749|3.4803|23.2544|2.5640
89|2019-11-08|15:46:05|CTA102-20191108@154600-R_Astrodon_2018_calib.fits|CTA102|22 32 36.40|+11 43 51.0|338.1517|11.7308|1023.3695|1023.7569|R_Astrodon_2018|2458796.157002315|180.0|20.9497|2.9945|25.7828|2.3263
90|2019-11-08|15:49:22|CTA102-20191108@154922-R_Astrodon_2018_calib.fits|CTA102|22 32 36.40|+11 43 51.0|338.1517|11.7308|1025.0497|1024.4780|R_Astrodon_2018|2458796.1592824073|180.0|20.9687|2.8712|25.0284|2.3923
91|2019-11-08|16:08:03|ES2344+514-20191108@160758-R_Astrodon_2018_calib.fits|ES2344+514|23 47 04.00|+51 42 18.0|356.7667|51.7050|1058.9121|946.7172|R_Astrodon_2018|2458796.1722569442|180.0|21.7669|2.6751|40.4853|1.5493
92|2019-11-08|16:11:20|ES2344+514-20191108@161119-R_Astrodon_2018_calib.fits|ES2344+514|23 47 04.00|+51 42 18.0|356.7667|51.7050|1057.6704|948.2229|R_Astrodon_2018|2458796.174537037|180.0|21.7717|2.6569|39.9889|1.5654
93|2019-11-08|16:00:29|L-Lacertae-20191108@160023-R_Astrodon_2018_calib.fits|L-Lacertae|22 02 43.30|+42 16 40.0|330.6804|42.2778|1050.7385|1063.8197|R_Astrodon_2018|2458796.1670023147|180.0|21.4384|2.8191|24.2389|2.4597
94|2019-11-08|16:03:45|L-Lacertae-20191108@160345-R_Astrodon_2018_calib.fits|L-Lacertae|22 02 43.30|+42 16 40.0|330.6804|42.2778|1051.1016|1064.5381|R_Astrodon_2018|2458796.1692708335|180.0|21.4387|2.9961|23.6435|2.5184
95|2019-11-08|10:45:06|Mkn501-20191108@104506-R_Astrodon_2018_calib.fits|Mkn501|16 53 52.20|+39 45 37.0|253.4675|39.7603|1027.4660|1014.7887|R_Astrodon_2018|2458795.947986111|180.0|21.2305|2.9761|25.1547|2.3824
96|2019-11-08|10:48:21|Mkn501-20191108@104820-R_Astrodon_2018_calib.fits|Mkn501|16 53 52.20|+39 45 37.0|253.4675|39.7603|1027.7733|1016.3077|R_Astrodon_2018|2458795.9502430554|180.0|21.2377|2.8561|24.5393|2.4391
97|2019-11-08|20:59:59|OJ248-20191108@205954-R_Astrodon_2018_calib.fits|OJ248|08 30 52.10|+24 11 00.0|127.7171|24.1833|1023.2190|1026.1044|R_Astrodon_2018|2458796.374988426|180.0|21.2879|2.7811|86.1926|1.0017
98|2019-11-08|21:03:14|OJ248-20191108@210313-R_Astrodon_2018_calib.fits|OJ248|08 30 52.10|+24 11 00.0|127.7171|24.1833|1022.8564|1029.2846|R_Astrodon_2018|2458796.3772453703|180.0|21.2738|3.2213|86.9214|1.0010
99|2019-11-08|21:06:49|OJ287-20191108@210648-R_Astrodon_2018_calib.fits|OJ287|08 54 48.90|+20 06 31.0|133.7037|20.1086|1032.9409|1018.8542|R_Astrodon_2018|2458796.379733796|180.0|21.7776|2.2855|81.5420|1.0100
100|2019-11-08|21:10:04|OJ287-20191108@211003-R_Astrodon_2018_calib.fits|OJ287|08 54 48.90|+20 06 31.0|133.7037|20.1086|1032.3973|1021.0977|R_Astrodon_2018|2458796.3819907405|180.0|21.7584|2.4721|82.2300|1.0084
101|2019-11-08|20:50:43|PKS0735+17-20191108@205037-R_Astrodon_2018_calib.fits|PKS0735+17|07 38 07.40|+17 42 19.0|114.5308|17.7053|1022.9864|1023.4522|R_Astrodon_2018|2458796.368553241|180.0|21.6746|2.4423|81.4334|1.0123
102|2019-11-08|20:53:59|PKS0735+17-20191108@205358-R_Astrodon_2018_calib.fits|PKS0735+17|07 38 07.40|+17 42 19.0|114.5308|17.7053|1023.9542|1022.1601|R_Astrodon_2018|2458796.370821759|180.0|21.6742|2.7046|80.8522|1.0140
103|2019-11-08|11:05:21|PKS2155-304-20191108@110516-R_Astrodon_2018_calib.fits|PKS2155-304|21 58 52.00|-30 13 32.0|329.7167|-30.2256|875.9713|984.1439|R_Astrodon_2018|2458795.962048611|180.0|21.0506|3.5434|36.1046|1.6902
104|2019-11-08|11:08:36|PKS2155-304-20191108@110836-R_Astrodon_2018_calib.new|PKS2155-304|21 58 52.00|-30 13 32.0|329.7167|-30.2256|878.9448|981.0527|R_Astrodon_2018|2458795.9643055554|180.0|-9999.0000|-9999.0000|36.0314|1.6935
105|2019-11-08|11:50:58|PKS2155-304-20191108@115052-R_Astrodon_2018_calib.fits|PKS2155-304|21 58 52.00|-30 13 32.0|329.7167|-30.2256|989.6991|1058.6816|R_Astrodon_2018|2458795.993726852|180.0|21.1723|2.9227|34.0771|1.7822
106|2019-11-09|12:33:20|3C371-20191109@123315-R_Astrodon_2018_calib.fits|3C371|18 06 50.70|+69 49 28.0|271.7112|69.8244|1122.9659|1082.1067|R_Astrodon_2018|2458797.0231481483|180.0|21.2914|2.8404|23.3573|2.5353
107|2019-11-09|12:36:35|3C371-20191109@123634-R_Astrodon_2018_calib.fits|3C371|18 06 50.70|+69 49 28.0|271.7112|69.8244|1122.8253|1083.3000|R_Astrodon_2018|2458797.0254050926|180.0|21.2920|2.9797|23.0774|2.5644
108|2019-11-09|12:58:11|3C454-3-20191109@125811-R_Astrodon_2018_calib.fits|3C454-3|22 53 57.70|+16 08 54.0|343.4904|16.1483|1028.1310|1014.7190|R_Astrodon_2018|2458797.0404050928|180.0|20.7618|3.2467|69.5354|1.0702
109|2019-11-09|13:01:26|3C454-3-20191109@130125-R_Astrodon_2018_calib.fits|3C454-3|22 53 57.70|+16 08 54.0|343.4904|16.1483|1028.6021|1015.2855|R_Astrodon_2018|2458797.042662037|180.0|20.7396|3.2241|68.8199|1.0754
110|2019-11-09|20:39:24|3C66A-20191109@203924-R_Astrodon_2018_calib.fits|3C66A|02 22 39.60|+43 02 08.0|35.6650|43.0356|1566.4022|1163.2553|R_Astrodon_2018|2458797.3606944443|180.0|21.5088|2.9216|20.1401|2.9225
111|2019-11-09|12:51:22|CTA102-20191109@125116-R_Astrodon_2018_calib.fits|CTA102|22 32 36.40|+11 43 51.0|338.1517|11.7308|1085.1430|862.1897|R_Astrodon_2018|2458797.0356712965|180.0|21.1460|3.0598|64.3702|1.1130
112|2019-11-09|12:54:37|CTA102-20191109@125436-R_Astrodon_2018_calib.fits|CTA102|22 32 36.40|+11 43 51.0|338.1517|11.7308|1085.4623|863.2568|R_Astrodon_2018|2458797.037928241|180.0|21.1387|3.0571|63.6805|1.1197
113|2019-11-09|13:13:46|ES2344+514-20191109@131340-R_Astrodon_2018_calib.fits|ES2344+514|23 47 04.00|+51 42 18.0|356.7667|51.7050|1018.0542|1005.6707|R_Astrodon_2018|2458797.051226852|180.0|21.7765|2.7935|60.5293|1.1508
114|2019-11-09|13:17:01|ES2344+514-20191109@131700-R_Astrodon_2018_calib.fits|ES2344+514|23 47 04.00|+51 42 18.0|356.7667|51.7050|1018.1300|1005.8913|R_Astrodon_2018|2458797.0534837963|180.0|21.7782|2.8072|60.3441|1.1530
115|2019-11-09|13:05:59|L-Lacertae-20191109@130553-R_Astrodon_2018_calib.fits|L-Lacertae|22 02 43.30|+42 16 40.0|330.6804|42.2778|1065.3889|1033.3057|R_Astrodon_2018|2458797.0458217594|180.0|21.5351|2.8697|55.3977|1.2205
116|2019-11-09|13:09:14|L-Lacertae-20191109@130914-R_Astrodon_2018_calib.fits|L-Lacertae|22 02 43.30|+42 16 40.0|330.6804|42.2778|1064.4821|1034.3522|R_Astrodon_2018|2458797.0480787037|180.0|21.5351|2.8144|54.8360|1.2291
117|2019-11-09|20:54:17|OJ248-20191109@205412-R_Astrodon_2018_calib.fits|OJ248|08 30 52.10|+24 11 00.0|127.7171|24.1833|1022.6049|1025.6571|R_Astrodon_2018|2458797.3710300927|180.0|21.1269|4.5159|85.7937|1.0021
118|2019-11-09|20:57:32|OJ248-20191109@205732-R_Astrodon_2018_calib.fits|OJ248|08 30 52.10|+24 11 00.0|127.7171|24.1833|1021.8514|1029.0392|R_Astrodon_2018|2458797.373287037|180.0|21.1023|4.8837|86.5257|1.0014
119|2019-11-09|21:01:07|OJ287-20191109@210106-R_Astrodon_2018_calib.fits|OJ287|08 54 48.90|+20 06 31.0|133.7037|20.1086|1031.5667|1018.3504|R_Astrodon_2018|2458797.375775463|180.0|21.6561|4.4343|81.1630|1.0109
120|2019-11-09|20:45:01|PKS0735+17-20191109@204454-R_Astrodon_2018_calib.fits|PKS0735+17|07 38 07.40|+17 42 19.0|114.5308|17.7053|1021.9165|1024.4058|R_Astrodon_2018|2458797.3645949075|180.0|21.6023|4.2462|81.7355|1.0114
121|2019-11-09|20:48:16|PKS0735+17-20191109@204815-R_Astrodon_2018_calib.fits|PKS0735+17|07 38 07.40|+17 42 19.0|114.5308|17.7053|1022.8544|1023.4874|R_Astrodon_2018|2458797.366851852|180.0|21.5995|4.4201|81.1733|1.0131
122|2019-11-09|12:43:37|PKS2155-304-20191109@124330-R_Astrodon_2018_calib.fits|PKS2155-304|21 58 52.00|-30 13 32.0|329.7167|-30.2256|1024.9631|1021.4049|R_Astrodon_2018|2458797.030289352|180.0|21.0937|2.9126|28.8594|2.0741
123|2019-11-09|12:46:52|PKS2155-304-20191109@124651-R_Astrodon_2018_calib.fits|PKS2155-304|21 58 52.00|-30 13 32.0|329.7167|-30.2256|1027.2732|1020.3839|R_Astrodon_2018|2458797.0325462963|180.0|20.7483|3.1477|28.4818|2.0997
124|2019-11-10|10:53:40|3C345-20191110@105334-R_Astrodon_2018_calib.fits|3C345|16 42 58.80|+39 48 37.0|250.7450|39.8103|-55.5304|-390.6929|R_Astrodon_2018|2458797.953935185|180.0|20.8808|4.1894|20.0321|2.9606
125|2019-11-10|11:13:13|3C371-20191110@111307-R_Astrodon_2018_calib.fits|3C371|18 06 50.70|+69 49 28.0|271.7112|69.8244|1046.2460|1055.0870|R_Astrodon_2018|2458797.9675115743|180.0|21.2737|3.4722|29.8984|2.0160
126|2019-11-10|11:16:27|3C371-20191110@111627-R_Astrodon_2018_calib.fits|3C371|18 06 50.70|+69 49 28.0|271.7112|69.8244|1045.4460|1055.8760|R_Astrodon_2018|2458797.9697569446|180.0|21.2748|3.3247|29.6261|2.0332
127|2019-11-10|17:51:11|3C66A-20191110@175106-R_Astrodon_2018_calib.fits|3C66A|02 22 39.60|+43 02 08.0|35.6650|43.0356|1048.5397|872.6025|R_Astrodon_2018|2458798.243877315|180.0|21.6512|3.0992|49.9307|1.3130
128|2019-11-10|17:54:26|3C66A-20191110@175426-R_Astrodon_2018_calib.fits|3C66A|02 22 39.60|+43 02 08.0|35.6650|43.0356|1048.0033|874.0496|R_Astrodon_2018|2458798.2461342593|180.0|21.6601|3.2116|49.3553|1.3245
129|2019-11-10|11:05:43|4C51-37-20191110@110537-R_Astrodon_2018_calib.fits|4C51-37|17 40 37.00|+52 11 43.0|265.1542|52.1953|1049.6513|992.1990|R_Astrodon_2018|2458797.962303241|180.0|21.3112|3.5560|29.5592|2.0464
130|2019-11-10|11:08:57|4C51-37-20191110@110857-R_Astrodon_2018_calib.fits|4C51-37|17 40 37.00|+52 11 43.0|265.1542|52.1953|1049.8612|993.6694|R_Astrodon_2018|2458797.964548611|180.0|21.3429|3.4430|29.0625|2.0788
131|2019-11-10|19:36:38|4C71-07-20191110@193632-R_Astrodon_2018_calib.fits|4C71-07|08 41 24.30|+70 53 42.0|130.3512|70.8950|951.7629|1131.8790|R_Astrodon_2018|2458798.3171064816|180.0|21.5278|4.0099|40.3128|1.5397
132|2019-11-10|19:39:54|4C71-07-20191110@193953-R_Astrodon_2018_calib.fits|4C71-07|08 41 24.30|+70 53 42.0|130.3512|70.8950|951.3713|1133.0624|R_Astrodon_2018|2458798.319375|180.0|21.5872|3.5455|40.4505|1.5354
133|2019-11-10|17:59:40|AO0235+16-20191110@175933-R_Astrodon_2018_calib.fits|AO0235+16|02 38 38.90|+16 36 59.0|39.6621|16.6164|1021.4900|1025.9502|R_Astrodon_2018|2458798.2497685184|180.0|21.6097|2.7422|51.2523|1.2891
134|2019-11-10|18:02:54|AO0235+16-20191110@180253-R_Astrodon_2018_calib.fits|AO0235+16|02 38 38.90|+16 36 59.0|39.6621|16.6164|1022.0713|1027.5272|R_Astrodon_2018|2458798.2520138887|180.0|21.5924|2.6902|50.5094|1.3030
135|2019-11-10|17:43:28|ES2344+514-20191110@174323-R_Astrodon_2018_calib.fits|ES2344+514|23 47 04.00|+51 42 18.0|356.7667|51.7050|1023.7579|1025.4255|R_Astrodon_2018|2458798.2385185184|180.0|21.5509|3.1222|24.5488|2.4226
136|2019-11-10|17:46:44|ES2344+514-20191110@174643-R_Astrodon_2018_calib.fits|ES2344+514|23 47 04.00|+51 42 18.0|356.7667|51.7050|1024.8119|1025.5396|R_Astrodon_2018|2458798.240787037|180.0|21.4580|3.0891|24.0458|2.4705
137|2019-11-10|19:51:10|Mkn421-20191110@195104-R_Astrodon_2018_calib.fits|Mkn421|11 04 27.30|+38 12 32.0|166.1137|38.2089|1023.7711|1077.8009|R_Astrodon_2018|2458798.327199074|180.0|21.3249|4.1506|39.1075|1.5688
138|2019-11-10|19:54:30|Mkn421-20191110@195430-R_Astrodon_2018_calib.fits|Mkn421|11 04 27.30|+38 12 32.0|166.1137|38.2089|1022.7360|1075.8507|R_Astrodon_2018|2458798.329513889|180.0|21.3300|3.1817|39.7640|1.5473
139|2019-11-10|10:58:15|Mkn501-20191110@105810-R_Astrodon_2018_calib.fits|Mkn501|16 53 52.20|+39 45 37.0|253.4675|39.7603|1023.8447|1023.5411|R_Astrodon_2018|2458797.957118056|180.0|21.1266|4.3754|21.1938|2.8045
140|2019-11-10|11:01:31|Mkn501-20191110@110130-R_Astrodon_2018_calib.fits|Mkn501|16 53 52.20|+39 45 37.0|253.4675|39.7603|1024.9875|1023.5103|R_Astrodon_2018|2458797.959386574|180.0|21.0462|3.8201|20.5822|2.8849
141|2019-11-10|18:16:10|OJ248-20191110@181604-R_Astrodon_2018_calib.fits|OJ248|08 30 52.10|+24 11 00.0|127.7171|24.1833|1025.2247|1042.6830|R_Astrodon_2018|2458798.261226852|180.0|21.1527|2.8822|50.6508|1.2842
142|2019-11-10|18:19:25|OJ248-20191110@181925-R_Astrodon_2018_calib.fits|OJ248|08 30 52.10|+24 11 00.0|127.7171|24.1833|1025.1996|1041.8180|R_Astrodon_2018|2458798.2634837963|180.0|21.1468|2.7748|51.3868|1.2711
143|2019-11-10|19:13:24|OJ287-20191110@191318-R_Astrodon_2018_calib.fits|OJ287|08 54 48.90|+20 06 31.0|133.7037|20.1086|1022.3169|1023.6471|R_Astrodon_2018|2458798.3009722224|180.0|21.6743|2.9716|57.5684|1.1785
144|2019-11-10|19:16:38|OJ287-20191110@191638-R_Astrodon_2018_calib.fits|OJ287|08 54 48.90|+20 06 31.0|133.7037|20.1086|1022.2085|1022.5559|R_Astrodon_2018|2458798.3032175926|180.0|21.6636|3.2107|58.3118|1.1691
145|2019-11-10|19:20:52|OJ49-20191110@192046-R_Astrodon_2018_calib.fits|OJ49|08 31 48.90|+04 29 39.0|127.9537|4.4942|1035.6148|1024.6674|R_Astrodon_2018|2458798.3061574074|180.0|21.1679|3.3572|57.6221|1.1788
146|2019-11-10|19:24:07|OJ49-20191110@192406-R_Astrodon_2018_calib.fits|OJ49|08 31 48.90|+04 29 39.0|127.9537|4.4942|1034.8698|1024.9544|R_Astrodon_2018|2458798.3084143517|180.0|21.1601|3.5329|58.2547|1.1708
147|2019-11-10|18:08:44|PKS0735+17-20191110@180839-R_Astrodon_2018_calib.fits|PKS0735+17|07 38 07.40|+17 42 19.0|114.5308|17.7053|1022.2378|1022.8717|R_Astrodon_2018|2458798.256064815|180.0|21.6128|2.9949|59.6880|1.1528
148|2019-11-10|18:11:59|PKS0735+17-20191110@181158-R_Astrodon_2018_calib.fits|PKS0735+17|07 38 07.40|+17 42 19.0|114.5308|17.7053|1021.5841|1022.3429|R_Astrodon_2018|2458798.2583217593|180.0|21.6156|2.8046|60.4324|1.1443
149|2019-11-10|11:21:29|PKS2155-304-20191110@112124-R_Astrodon_2018_calib.fits|PKS2155-304|21 58 52.00|-30 13 32.0|329.7167|-30.2256|905.7698|927.1803|R_Astrodon_2018|2458797.9732523146|180.0|21.1526|3.0605|35.3026|1.7258
150|2019-11-10|11:24:44|PKS2155-304-20191110@112443-R_Astrodon_2018_calib.fits|PKS2155-304|21 58 52.00|-30 13 32.0|329.7167|-30.2256|908.0698|924.7295|R_Astrodon_2018|2458797.9755092594|180.0|21.2069|2.9570|35.1481|1.7327
151|2019-11-10|19:43:35|S4_0954+65-20191110@194334-R_Astrodon_2018_calib.fits|S4_0954+65|09 58 47.20|+65 33 55.0|149.6967|65.5653|981.0012|1111.6110|R_Astrodon_2018|2458798.3219328704|180.0|21.0130|3.1585|39.7138|1.5561
152|2019-11-10|19:46:49|S4_0954+65-20191110@194648-R_Astrodon_2018_calib.fits|S4_0954+65|09 58 47.20|+65 33 55.0|149.6967|65.5653|979.5943|1112.4382|R_Astrodon_2018|2458798.3241782407|180.0|20.9971|3.2691|39.9862|1.5474
153|2019-11-10|19:29:12|S5_0716+71-20191110@192907-R_Astrodon_2018_calib.fits|S5_0716+71|07 21 53.40|+71 20 36.0|110.4725|71.3433|928.9541|1149.8211|R_Astrodon_2018|2458798.3119444447|180.0|21.5924|3.3486|41.9249|1.4930
154|2019-11-10|19:32:27|S5_0716+71-20191110@193226-R_Astrodon_2018_calib.fits|S5_0716+71|07 21 53.40|+71 20 36.0|110.4725|71.3433|929.4134|1151.4029|R_Astrodon_2018|2458798.314201389|180.0|21.5749|3.8183|41.9653|1.4919
155|2019-11-11|16:28:29|3C454-3-20191111@162823-R_Astrodon_2018_calib.fits|3C454-3|22 53 57.70|+16 08 54.0|343.4904|16.1483|1010.0181|1073.6867|R_Astrodon_2018|2458799.1864467594|180.0|20.5080|3.0436|19.7729|2.9947
156|2019-11-11|16:40:45|3C66A-20191111@164040-R_Astrodon_2018_calib.fits|3C66A|02 22 39.60|+43 02 08.0|35.6650|43.0356|1025.2823|912.4811|R_Astrodon_2018|2458799.194965278|180.0|21.6694|2.1443|61.0129|1.1467
157|2019-11-11|16:44:01|3C66A-20191111@164400-R_Astrodon_2018_calib.fits|3C66A|02 22 39.60|+43 02 08.0|35.6650|43.0356|1025.1989|913.5427|R_Astrodon_2018|2458799.197233796|180.0|21.6528|2.0987|60.5141|1.1525
158|2019-11-11|17:35:44|4C71-07-20191111@173538-R_Astrodon_2018_calib.fits|4C71-07|08 41 24.30|+70 53 42.0|130.3512|70.8950|974.8269|1111.8220|R_Astrodon_2018|2458799.2331481483|180.0|21.6476|2.4521|33.2745|1.8122
159|2019-11-11|17:39:00|4C71-07-20191111@173859-R_Astrodon_2018_calib.fits|4C71-07|08 41 24.30|+70 53 42.0|130.3512|70.8950|974.0650|1112.8118|R_Astrodon_2018|2458799.2354166666|180.0|21.6393|2.4950|33.5145|1.8008
160|2019-11-11|16:33:03|ES2344+514-20191111@163258-R_Astrodon_2018_calib.fits|ES2344+514|23 47 04.00|+51 42 18.0|356.7667|51.7050|1064.1039|1023.8902|R_Astrodon_2018|2458799.1896180557|180.0|21.6818|2.6327|34.8537|1.7607
161|2019-11-11|16:36:21|ES2344+514-20191111@163620-R_Astrodon_2018_calib.fits|ES2344+514|23 47 04.00|+51 42 18.0|356.7667|51.7050|1063.0107|1025.5686|R_Astrodon_2018|2458799.191909722|180.0|21.6810|2.6372|34.3433|1.7836
162|2019-11-11|17:05:55|OJ248-20191111@170548-R_Astrodon_2018_calib.fits|OJ248|08 30 52.10|+24 11 00.0|127.7171|24.1833|1024.2137|1058.8403|R_Astrodon_2018|2458799.21244213|180.0|21.1631|2.4940|35.7293|1.6912
163|2019-11-11|17:09:09|OJ248-20191111@170909-R_Astrodon_2018_calib.fits|OJ248|08 30 52.10|+24 11 00.0|127.7171|24.1833|1024.6878|1057.6561|R_Astrodon_2018|2458799.2146875|180.0|21.1864|2.2237|36.4517|1.6625
164|2019-11-11|17:12:46|OJ287-20191111@171246-R_Astrodon_2018_calib.fits|OJ287|08 54 48.90|+20 06 31.0|133.7037|20.1086|1027.2203|1037.7531|R_Astrodon_2018|2458799.217199074|180.0|21.6440|2.4093|30.8948|1.9177
165|2019-11-11|17:16:00|OJ287-20191111@171559-R_Astrodon_2018_calib.fits|OJ287|08 54 48.90|+20 06 31.0|133.7037|20.1086|1027.3571|1036.4816|R_Astrodon_2018|2458799.2194444444|180.0|21.6512|2.4647|31.6268|1.8784
166|2019-11-11|17:20:23|OJ49-20191111@172017-R_Astrodon_2018_calib.fits|OJ49|08 31 48.90|+04 29 39.0|127.9537|4.4942|1033.3026|1013.0590|R_Astrodon_2018|2458799.222488426|180.0|21.1624|2.4476|32.4806|1.8350
167|2019-11-11|17:23:37|OJ49-20191111@172336-R_Astrodon_2018_calib.fits|OJ49|08 31 48.90|+04 29 39.0|127.9537|4.4942|1033.4892|1011.7277|R_Astrodon_2018|2458799.2247337964|180.0|21.1440|2.6698|33.2122|1.7997
168|2019-11-11|16:58:28|PKS0735+17-20191111@165823-R_Astrodon_2018_calib.fits|PKS0735+17|07 38 07.40|+17 42 19.0|114.5308|17.7053|1022.0650|1022.7544|R_Astrodon_2018|2458799.2072685184|180.0|21.6146|2.2883|44.4471|1.4153
169|2019-11-11|17:01:43|PKS0735+17-20191111@170142-R_Astrodon_2018_calib.fits|PKS0735+17|07 38 07.40|+17 42 19.0|114.5308|17.7053|1021.5283|1021.1045|R_Astrodon_2018|2458799.209525463|180.0|21.6158|2.2050|45.1940|1.3971
170|2019-11-11|17:42:43|S4_0954+65-20191111@174243-R_Astrodon_2018_calib.fits|S4_0954+65|09 58 47.20|+65 33 55.0|149.6967|65.5653|1004.0845|1114.3485|R_Astrodon_2018|2458799.237997685|180.0|20.9899|3.2043|28.4427|2.0796
171|2019-11-11|17:28:17|S5_0716+71-20191111@172812-R_Astrodon_2018_calib.fits|S5_0716+71|07 21 53.40|+71 20 36.0|110.4725|71.3433|944.2405|1112.4954|R_Astrodon_2018|2458799.227974537|180.0|21.6008|2.4491|37.7198|1.6285
172|2019-11-11|17:31:32|S5_0716+71-20191111@173131-R_Astrodon_2018_calib.fits|S5_0716+71|07 21 53.40|+71 20 36.0|110.4725|71.3433|945.2286|1113.5887|R_Astrodon_2018|2458799.2302314816|180.0|21.6022|2.3997|37.9000|1.6220
173|2019-11-14|17:17:21|3C66A-20191114@171716-R_Astrodon_2018_calib.fits|3C66A|02 22 39.60|+43 02 08.0|35.6650|43.0356|1037.9768|880.6840|R_Astrodon_2018|2458802.2203819444|180.0|21.7134|2.3964|53.0954|1.2560
174|2019-11-14|17:20:36|3C66A-20191114@172036-R_Astrodon_2018_calib.fits|3C66A|02 22 39.60|+43 02 08.0|35.6650|43.0356|1037.5231|882.2559|R_Astrodon_2018|2458802.2226388888|180.0|21.6974|2.2501|52.5331|1.2655
175|2019-11-14|19:53:09|3C66A-20191114@195303-R_Astrodon_2018_calib.fits|3C66A|02 22 39.60|+43 02 08.0|35.6650|43.0356|1023.6305|1023.3211|R_Astrodon_2018|2458802.328576389|180.0|21.4458|3.1708|24.9102|2.3902
176|2019-11-14|19:56:25|3C66A-20191114@195624-R_Astrodon_2018_calib.fits|3C66A|02 22 39.60|+43 02 08.0|35.6650|43.0356|1023.9173|1023.4330|R_Astrodon_2018|2458802.3308449076|180.0|21.4541|3.1770|24.3205|2.4447
177|2019-11-14|19:12:19|4C29-45-20191114@191213-R_Astrodon_2018_calib.fits|4C29-45|11 59 31.80|+29 14 44.0|179.8825|29.2456|1031.1353|1060.7044|R_Astrodon_2018|2458802.3002199074|180.0|21.2376|3.0601|21.7223|2.6350
178|2019-11-14|18:11:12|4C71-07-20191114@181106-R_Astrodon_2018_calib.fits|4C71-07|08 41 24.30|+70 53 42.0|130.3512|70.8950|959.6655|1117.4666|R_Astrodon_2018|2458802.257777778|180.0|21.6057|2.3774|36.5449|1.6712
179|2019-11-14|18:14:29|4C71-07-20191114@181429-R_Astrodon_2018_calib.fits|4C71-07|08 41 24.30|+70 53 42.0|130.3512|70.8950|958.6467|1118.9832|R_Astrodon_2018|2458802.2600578703|180.0|21.6324|2.1806|36.7538|1.6631
180|2019-11-14|17:24:57|AO0235+16-20191114@172450-R_Astrodon_2018_calib.fits|AO0235+16|02 38 38.90|+16 36 59.0|39.6621|16.6164|980.0840|1036.1545|R_Astrodon_2018|2458802.225659722|180.0|21.8049|2.1528|55.6101|1.2174
181|2019-11-14|17:28:12|AO0235+16-20191114@172811-R_Astrodon_2018_calib.fits|AO0235+16|02 38 38.90|+16 36 59.0|39.6621|16.6164|980.6658|1037.6226|R_Astrodon_2018|2458802.227916667|180.0|21.7847|2.0760|54.8651|1.2286
182|2019-11-14|20:00:12|AO0235+16-20191114@200012-R_Astrodon_2018_calib.fits|AO0235+16|02 38 38.90|+16 36 59.0|39.6621|16.6164|1000.2619|1002.6669|R_Astrodon_2018|2458802.333472222|180.0|21.3490|3.5173|20.0568|2.9506
183|2019-11-14|17:09:38|ES2344+514-20191114@170932-R_Astrodon_2018_calib.fits|ES2344+514|23 47 04.00|+51 42 18.0|356.7667|51.7050|1021.7923|1024.6020|R_Astrodon_2018|2458802.2150231483|180.0|21.6993|2.8715|27.3475|2.1913
184|2019-11-14|17:12:55|ES2344+514-20191114@171255-R_Astrodon_2018_calib.fits|ES2344+514|23 47 04.00|+51 42 18.0|356.7667|51.7050|1021.3281|1024.9460|R_Astrodon_2018|2458802.2173032407|180.0|21.6964|2.9746|26.8388|2.2300
185|2019-11-14|19:04:08|Mkn421-20191114@190403-R_Astrodon_2018_calib.fits|Mkn421|11 04 27.30|+38 12 32.0|166.1137|38.2089|1067.0855|929.8555|R_Astrodon_2018|2458802.294537037|180.0|21.3137|2.6973|32.9515|1.8155
186|2019-11-14|19:07:23|Mkn421-20191114@190723-R_Astrodon_2018_calib.fits|Mkn421|11 04 27.30|+38 12 32.0|166.1137|38.2089|1066.8835|928.8071|R_Astrodon_2018|2458802.2967939815|180.0|21.2597|2.5978|33.5891|1.7854
187|2019-11-14|17:41:30|OJ248-20191114@174123-R_Astrodon_2018_calib.fits|OJ248|08 30 52.10|+24 11 00.0|127.7171|24.1833|1023.7887|1047.6481|R_Astrodon_2018|2458802.2371527776|180.0|21.1914|2.0710|46.3695|1.3703
188|2019-11-14|17:44:44|OJ248-20191114@174444-R_Astrodon_2018_calib.fits|OJ248|08 30 52.10|+24 11 00.0|127.7171|24.1833|1023.6823|1046.4826|R_Astrodon_2018|2458802.239398148|180.0|21.1835|2.0300|47.0994|1.3542
189|2019-11-14|20:14:41|OJ248-20191114@201436-R_Astrodon_2018_calib.fits|OJ248|08 30 52.10|+24 11 00.0|127.7171|24.1833|1023.0209|1025.8908|R_Astrodon_2018|2458802.3435300924|180.0|21.1167|2.9186|81.2542|1.0105
190|2019-11-14|20:17:56|OJ248-20191114@201756-R_Astrodon_2018_calib.fits|OJ248|08 30 52.10|+24 11 00.0|127.7171|24.1833|1022.0828|1027.8595|R_Astrodon_2018|2458802.345787037|180.0|21.1015|2.9531|81.9964|1.0087
191|2019-11-14|17:48:20|OJ287-20191114@174819-R_Astrodon_2018_calib.fits|OJ287|08 54 48.90|+20 06 31.0|133.7037|20.1086|1027.2525|1031.9721|R_Astrodon_2018|2458802.2418981483|180.0|21.6569|2.4418|41.6667|1.4895
192|2019-11-14|17:51:34|OJ287-20191114@175134-R_Astrodon_2018_calib.fits|OJ287|08 54 48.90|+20 06 31.0|133.7037|20.1086|1027.1441|1030.5805|R_Astrodon_2018|2458802.2441435186|180.0|21.6326|2.5362|42.4054|1.4685
193|2019-11-14|20:21:32|OJ287-20191114@202132-R_Astrodon_2018_calib.fits|OJ287|08 54 48.90|+20 06 31.0|133.7037|20.1086|1031.4075|1020.4543|R_Astrodon_2018|2458802.348287037|180.0|21.6817|2.2890|76.7595|1.0255
194|2019-11-14|20:24:47|OJ287-20191114@202446-R_Astrodon_2018_calib.fits|OJ287|08 54 48.90|+20 06 31.0|133.7037|20.1086|1030.9059|1022.0424|R_Astrodon_2018|2458802.3505439814|180.0|21.6934|2.2368|77.4889|1.0226
195|2019-11-14|17:55:50|OJ49-20191114@175544-R_Astrodon_2018_calib.fits|OJ49|08 31 48.90|+04 29 39.0|127.9537|4.4942|1036.9740|1017.9399|R_Astrodon_2018|2458802.2471064813|180.0|21.1037|2.2631|43.0477|1.4516
196|2019-11-14|17:59:05|OJ49-20191114@175905-R_Astrodon_2018_calib.fits|OJ49|08 31 48.90|+04 29 39.0|127.9537|4.4942|1036.7793|1016.8751|R_Astrodon_2018|2458802.249363426|180.0|21.1072|2.3419|43.7622|1.4329
197|2019-11-14|20:29:01|OJ49-20191114@202855-R_Astrodon_2018_calib.fits|OJ49|08 31 48.90|+04 29 39.0|127.9537|4.4942|1044.3080|1044.0332|R_Astrodon_2018|2458802.353483796|180.0|21.1322|2.6757|70.1121|1.0627
198|2019-11-14|20:32:17|OJ49-20191114@203216-R_Astrodon_2018_calib.fits|OJ49|08 31 48.90|+04 29 39.0|127.9537|4.4942|1042.9836|1046.7375|R_Astrodon_2018|2458802.355752315|180.0|21.1533|2.4385|70.3344|1.0613
199|2019-11-14|17:34:02|PKS0735+17-20191114@173355-R_Astrodon_2018_calib.fits|PKS0735+17|07 38 07.40|+17 42 19.0|114.5308|17.7053|1021.6643|1022.5139|R_Astrodon_2018|2458802.2319675926|180.0|21.6257|2.2393|55.3348|1.2088
200|2019-11-14|17:37:17|PKS0735+17-20191114@173716-R_Astrodon_2018_calib.fits|PKS0735+17|07 38 07.40|+17 42 19.0|114.5308|17.7053|1021.0157|1021.4434|R_Astrodon_2018|2458802.234224537|180.0|21.6190|2.1640|56.0812|1.1982
201|2019-11-14|20:05:09|PKS0735+17-20191114@200502-R_Astrodon_2018_calib.fits|PKS0735+17|07 38 07.40|+17 42 19.0|114.5308|17.7053|993.5306|824.6557|R_Astrodon_2018|2458802.336909722|180.0|21.5857|2.2396|84.1162|1.0056
202|2019-11-14|20:08:38|PKS0735+17-20191114@200838-R_Astrodon_2018_calib.fits|PKS0735+17|07 38 07.40|+17 42 19.0|114.5308|17.7053|993.8497|823.6353|R_Astrodon_2018|2458802.3393287035|180.0|21.5532|2.1717|83.8991|1.0061
203|2019-11-14|18:56:33|S4_0954+65-20191114@185627-R_Astrodon_2018_calib.fits|S4_0954+65|09 58 47.20|+65 33 55.0|149.6967|65.5653|1022.9077|1025.6879|R_Astrodon_2018|2458802.289270833|180.0|21.0007|2.5319|36.9320|1.6534
204|2019-11-14|18:59:48|S4_0954+65-20191114@185947-R_Astrodon_2018_calib.fits|S4_0954+65|09 58 47.20|+65 33 55.0|149.6967|65.5653|1023.1225|1025.5040|R_Astrodon_2018|2458802.291527778|180.0|20.9851|2.5324|37.2318|1.6421
205|2019-11-14|18:03:47|S5_0716+71-20191114@180340-R_Astrodon_2018_calib.fits|S5_0716+71|07 21 53.40|+71 20 36.0|110.4725|71.3433|935.5113|1124.6961|R_Astrodon_2018|2458802.252627315|180.0|21.5811|2.4059|40.0191|1.5503
206|2019-11-14|18:07:02|S5_0716+71-20191114@180701-R_Astrodon_2018_calib.fits|S5_0716+71|07 21 53.40|+71 20 36.0|110.4725|71.3433|936.6194|1125.9204|R_Astrodon_2018|2458802.2548842593|180.0|21.5716|2.2734|40.1497|1.5461
207|2019-11-14|20:38:21|S5_0716+71-20191114@203815-R_Astrodon_2018_calib.fits|S5_0716+71|07 21 53.40|+71 20 36.0|110.4725|71.3433|1021.5121|1020.7024|R_Astrodon_2018|2458802.359965278|180.0|21.5144|2.6060|41.4885|1.5112
208|2019-11-14|20:41:36|S5_0716+71-20191114@204136-R_Astrodon_2018_calib.fits|S5_0716+71|07 21 53.40|+71 20 36.0|110.4725|71.3433|1020.4584|1019.7546|R_Astrodon_2018|2458802.362222222|180.0|21.5521|2.5517|41.4110|1.5136
209|2019-11-15|20:51:26|3C273-20191115@205119-R_Astrodon_2018_calib.fits|3C273|12 29 06.70|+02 03 09.0|187.2779|2.0525|1035.5106|1028.5911|R_Astrodon_2018|2458803.369050926|180.0|21.2048|2.2879|29.2000|2.0152
210|2019-11-15|20:54:41|3C273-20191115@205441-R_Astrodon_2018_calib.fits|3C273|12 29 06.70|+02 03 09.0|187.2779|2.0525|1034.9983|1027.7385|R_Astrodon_2018|2458803.3713078704|180.0|21.2378|2.3306|29.9320|1.9712
211|2019-11-15|20:58:51|3C279-20191115@205844-R_Astrodon_2018_calib.fits|3C279|12 56 11.10|-05 47 22.0|194.0462|-5.7894|1021.8272|1052.0412|R_Astrodon_2018|2458803.374201389|180.0|21.1984|2.6648|21.2671|2.6866
212|2019-11-15|14:45:18|3C454-3-20191115@144517-R_Astrodon_2018_calib.fits|3C454-3|22 53 57.70|+16 08 54.0|343.4904|16.1483|1033.1392|999.4920|R_Astrodon_2018|2458803.1147916666|180.0|20.8087|2.7856|39.7661|1.5758
213|2019-11-15|14:48:32|3C454-3-20191115@144832-R_Astrodon_2018_calib.fits|3C454-3|22 53 57.70|+16 08 54.0|343.4904|16.1483|1033.4050|1001.5796|R_Astrodon_2018|2458803.117037037|180.0|20.8039|2.7156|39.0231|1.6015
214|2019-11-15|15:08:13|3C66A-20191115@150807-R_Astrodon_2018_calib.fits|3C66A|02 22 39.60|+43 02 08.0|35.6650|43.0356|999.5889|976.5142|R_Astrodon_2018|2458803.1307060183|180.0|21.7314|2.0239|69.6685|1.0677
215|2019-11-15|15:11:29|3C66A-20191115@151128-R_Astrodon_2018_calib.fits|3C66A|02 22 39.60|+43 02 08.0|35.6650|43.0356|999.6032|976.2966|R_Astrodon_2018|2458803.132974537|180.0|21.7201|2.0528|69.4743|1.0691
216|2019-11-15|19:15:35|3C66A-20191115@191530-R_Astrodon_2018_calib.fits|3C66A|02 22 39.60|+43 02 08.0|35.6650|43.0356|1023.8827|1025.8219|R_Astrodon_2018|2458803.3024884257|180.0|21.6667|2.9043|31.0256|1.9528
217|2019-11-15|19:18:52|3C66A-20191115@191851-R_Astrodon_2018_calib.fits|3C66A|02 22 39.60|+43 02 08.0|35.6650|43.0356|1024.4978|1026.8142|R_Astrodon_2018|2458803.3047685185|180.0|21.6800|2.8493|30.4259|1.9876
218|2019-11-15|20:36:24|4C29-45-20191115@203618-R_Astrodon_2018_calib.fits|4C29-45|11 59 31.80|+29 14 44.0|179.8825|29.2456|1034.9601|1037.0339|R_Astrodon_2018|2458803.358611111|180.0|21.4642|2.1986|40.5853|1.5208
219|2019-11-15|20:39:40|4C29-45-20191115@203939-R_Astrodon_2018_calib.fits|4C29-45|11 59 31.80|+29 14 44.0|179.8825|29.2456|1034.1970|1035.7074|R_Astrodon_2018|2458803.36087963|180.0|21.4791|2.1276|41.2948|1.4997
220|2019-11-15|15:40:51|4C71-07-20191115@154045-R_Astrodon_2018_calib.fits|4C71-07|08 41 24.30|+70 53 42.0|130.3512|70.8950|1011.8222|1112.1849|R_Astrodon_2018|2458803.1533680554|180.0|21.5666|2.9461|25.4263|2.3094
221|2019-11-15|20:13:01|4C71-07-20191115@201255-R_Astrodon_2018_calib.fits|4C71-07|08 41 24.30|+70 53 42.0|130.3512|70.8950|1024.4825|1028.6778|R_Astrodon_2018|2458803.342372685|180.0|21.7095|2.4024|42.0986|1.4917
222|2019-11-15|20:16:18|4C71-07-20191115@201617-R_Astrodon_2018_calib.fits|4C71-07|08 41 24.30|+70 53 42.0|130.3512|70.8950|1025.8715|1030.0709|R_Astrodon_2018|2458803.344652778|180.0|21.7035|2.1784|42.1632|1.4899
223|2019-11-15|15:16:16|AO0235+16-20191115@151609-R_Astrodon_2018_calib.fits|AO0235+16|02 38 38.90|+16 36 59.0|39.6621|16.6164|973.0188|1053.2158|R_Astrodon_2018|2458803.1362962965|180.0|21.8388|1.9875|81.8496|1.0106
224|2019-11-15|15:19:45|AO0235+16-20191115@151945-R_Astrodon_2018_calib.fits|AO0235+16|02 38 38.90|+16 36 59.0|39.6621|16.6164|974.2678|1052.2091|R_Astrodon_2018|2458803.138715278|180.0|21.8399|2.0593|81.3783|1.0120
225|2019-11-15|19:23:15|AO0235+16-20191115@192308-R_Astrodon_2018_calib.fits|AO0235+16|02 38 38.90|+16 36 59.0|39.6621|16.6164|999.7686|1017.6484|R_Astrodon_2018|2458803.3078125|180.0|21.6653|3.1521|27.5635|2.1834
226|2019-11-15|19:26:30|AO0235+16-20191115@192629-R_Astrodon_2018_calib.fits|AO0235+16|02 38 38.90|+16 36 59.0|39.6621|16.6164|1001.1095|1018.6745|R_Astrodon_2018|2458803.3100694446|180.0|21.6817|2.9602|26.8223|2.2397
227|2019-11-15|14:38:25|CTA102-20191115@143818-R_Astrodon_2018_calib.fits|CTA102|22 32 36.40|+11 43 51.0|338.1517|11.7308|983.5894|1156.3330|R_Astrodon_2018|2458803.110011574|180.0|21.1211|2.9018|35.0119|1.7575
228|2019-11-15|14:41:40|CTA102-20191115@144140-R_Astrodon_2018_calib.fits|CTA102|22 32 36.40|+11 43 51.0|338.1517|11.7308|984.7218|1157.8494|R_Astrodon_2018|2458803.1122685187|180.0|21.1398|2.9252|34.2649|1.7915
229|2019-11-15|15:00:30|ES2344+514-20191115@150024-R_Astrodon_2018_calib.fits|ES2344+514|23 47 04.00|+51 42 18.0|356.7667|51.7050|1048.9819|950.0072|R_Astrodon_2018|2458803.125347222|180.0|21.7882|2.8318|46.3777|1.3883
230|2019-11-15|15:03:47|ES2344+514-20191115@150347-R_Astrodon_2018_calib.fits|ES2344+514|23 47 04.00|+51 42 18.0|356.7667|51.7050|1048.4541|951.8593|R_Astrodon_2018|2458803.127627315|180.0|21.7761|2.7345|45.9081|1.3994
231|2019-11-15|14:52:54|L-Lacertae-20191115@145247-R_Astrodon_2018_calib.fits|L-Lacertae|22 02 43.30|+42 16 40.0|330.6804|42.2778|1055.6097|1059.2713|R_Astrodon_2018|2458803.1200694446|180.0|21.5031|2.9680|31.6052|1.9248
232|2019-11-15|14:56:10|L-Lacertae-20191115@145610-R_Astrodon_2018_calib.fits|L-Lacertae|22 02 43.30|+42 16 40.0|330.6804|42.2778|1055.4337|1061.0114|R_Astrodon_2018|2458803.122337963|180.0|21.5005|3.0251|31.0011|1.9588
233|2019-11-15|20:28:13|Mkn421-20191115@202807-R_Astrodon_2018_calib.fits|Mkn421|11 04 27.30|+38 12 32.0|166.1137|38.2089|1021.4695|1022.5616|R_Astrodon_2018|2458803.352928241|180.0|21.4636|2.4772|50.2396|1.2921
234|2019-11-15|20:31:28|Mkn421-20191115@203128-R_Astrodon_2018_calib.fits|Mkn421|11 04 27.30|+38 12 32.0|166.1137|38.2089|1020.2281|1021.8989|R_Astrodon_2018|2458803.355185185|180.0|21.4855|2.6798|50.8716|1.2806
235|2019-11-15|19:39:53|OJ248-20191115@193947-R_Astrodon_2018_calib.fits|OJ248|08 30 52.10|+24 11 00.0|127.7171|24.1833|1023.8082|1015.8560|R_Astrodon_2018|2458803.319363426|180.0|21.2463|2.8974|74.1969|1.0369
236|2019-11-15|19:43:21|OJ248-20191115@194321-R_Astrodon_2018_calib.fits|OJ248|08 30 52.10|+24 11 00.0|127.7171|24.1833|1024.1305|1016.8218|R_Astrodon_2018|2458803.3217708333|180.0|21.2526|2.5181|74.9896|1.0331
237|2019-11-15|19:46:57|OJ287-20191115@194657-R_Astrodon_2018_calib.fits|OJ287|08 54 48.90|+20 06 31.0|133.7037|20.1086|1031.7310|1018.9168|R_Astrodon_2018|2458803.3242708333|180.0|21.7540|2.1489|69.7903|1.0625
238|2019-11-15|19:50:12|OJ287-20191115@195011-R_Astrodon_2018_calib.fits|OJ287|08 54 48.90|+20 06 31.0|133.7037|20.1086|1031.0571|1019.8424|R_Astrodon_2018|2458803.3265277776|180.0|21.7521|2.1952|70.5339|1.0576
239|2019-11-15|19:54:27|OJ49-20191115@195420-R_Astrodon_2018_calib.fits|OJ49|08 31 48.90|+04 29 39.0|127.9537|4.4942|1045.4268|1032.2608|R_Astrodon_2018|2458803.329479167|180.0|21.2296|2.3655|66.7894|1.0859
240|2019-11-15|19:57:56|OJ49-20191115@195756-R_Astrodon_2018_calib.fits|OJ49|08 31 48.90|+04 29 39.0|127.9537|4.4942|1043.9905|1034.3948|R_Astrodon_2018|2458803.331898148|180.0|21.2354|2.2331|67.2641|1.0823
241|2019-11-15|20:43:48|ON231-20191115@204342-R_Astrodon_2018_calib.fits|ON231|12 21 31.70|+28 13 59.0|185.3821|28.2331|1036.9177|1048.3328|R_Astrodon_2018|2458803.36375|180.0|21.3558|2.3081|37.2793|1.6307
242|2019-11-15|20:47:03|ON231-20191115@204703-R_Astrodon_2018_calib.fits|ON231|12 21 31.70|+28 13 59.0|185.3821|28.2331|1036.4537|1046.5050|R_Astrodon_2018|2458803.3660069443|180.0|21.3900|2.3727|37.9882|1.6051
243|2019-11-15|15:25:33|PKS0735+17-20191115@152527-R_Astrodon_2018_calib.fits|PKS0735+17|07 38 07.40|+17 42 19.0|114.5308|17.7053|1022.8376|1022.4476|R_Astrodon_2018|2458803.1427430557|180.0|21.4849|3.4813|26.7900|2.1766
244|2019-11-15|19:32:25|PKS0735+17-20191115@193219-R_Astrodon_2018_calib.fits|PKS0735+17|07 38 07.40|+17 42 19.0|114.5308|17.7053|1021.7868|1026.7446|R_Astrodon_2018|2458803.314178241|180.0|21.6566|2.6073|81.9848|1.0092
245|2019-11-15|19:35:41|PKS0735+17-20191115@193540-R_Astrodon_2018_calib.fits|PKS0735+17|07 38 07.40|+17 42 19.0|114.5308|17.7053|1020.8038|1029.5250|R_Astrodon_2018|2458803.3164467593|180.0|21.6490|2.6229|82.4969|1.0080
246|2019-11-15|20:20:01|S4_0954+65-20191115@202000-R_Astrodon_2018_calib.fits|S4_0954+65|09 58 47.20|+65 33 55.0|149.6967|65.5653|266.5819|1094.8964|R_Astrodon_2018|2458803.3472337965|180.0|21.1581|2.3454|43.9346|1.4348
247|2019-11-15|20:23:33|S4_0954+65-20191115@202333-R_Astrodon_2018_calib.fits|S4_0954+65|09 58 47.20|+65 33 55.0|149.6967|65.5653|1021.9133|1028.2967|R_Astrodon_2018|2458803.3496875|180.0|21.1646|2.1876|44.1595|1.4326
248|2019-11-15|15:33:26|S5_0716+71-20191115@153319-R_Astrodon_2018_calib.fits|S5_0716+71|07 21 53.40|+71 20 36.0|110.4725|71.3433|982.4158|1102.2804|R_Astrodon_2018|2458803.1482175924|180.0|21.5822|3.0624|31.0616|1.9276
249|2019-11-15|15:36:41|S5_0716+71-20191115@153640-R_Astrodon_2018_calib.fits|S5_0716+71|07 21 53.40|+71 20 36.0|110.4725|71.3433|983.2917|1102.8921|R_Astrodon_2018|2458803.150474537|180.0|21.5725|2.9190|31.3069|1.9141
250|2019-11-15|20:03:55|S5_0716+71-20191115@200348-R_Astrodon_2018_calib.fits|S5_0716+71|07 21 53.40|+71 20 36.0|110.4725|71.3433|1020.3114|1020.6201|R_Astrodon_2018|2458803.3360532406|180.0|21.6297|2.7017|42.0012|1.4955
251|2019-11-15|20:07:10|S5_0716+71-20191115@200709-R_Astrodon_2018_calib.fits|S5_0716+71|07 21 53.40|+71 20 36.0|110.4725|71.3433|1019.1463|1019.5368|R_Astrodon_2018|2458803.3383101854|180.0|21.6323|2.4607|41.9653|1.4966
252|2019-11-16|15:05:23|3C454-3-20191116@150522-R_Astrodon_2018_calib.fits|3C454-3|22 53 57.70|+16 08 54.0|343.4904|16.1483|1032.4675|1000.4913|R_Astrodon_2018|2458804.128738426|180.0|20.7936|2.8062|34.2518|1.7932
253|2019-11-16|15:08:37|3C454-3-20191116@150836-R_Astrodon_2018_calib.fits|3C454-3|22 53 57.70|+16 08 54.0|343.4904|16.1483|1032.6985|1002.4944|R_Astrodon_2018|2458804.1309837964|180.0|20.7833|2.9806|33.5103|1.8289
254|2019-11-16|15:28:17|3C66A-20191116@152810-R_Astrodon_2018_calib.fits|3C66A|02 22 39.60|+43 02 08.0|35.6650|43.0356|1007.7925|956.7460|R_Astrodon_2018|2458804.144641204|180.0|21.7429|2.2044|67.7977|1.0820
255|2019-11-16|15:31:48|3C66A-20191116@153148-R_Astrodon_2018_calib.fits|3C66A|02 22 39.60|+43 02 08.0|35.6650|43.0356|1007.4493|956.8623|R_Astrodon_2018|2458804.147083333|180.0|21.7402|2.1228|67.4449|1.0848
256|2019-11-16|16:09:03|4C71-07-20191116@160857-R_Astrodon_2018_calib.fits|4C71-07|08 41 24.30|+70 53 42.0|130.3512|70.8950|1002.5350|1094.2680|R_Astrodon_2018|2458804.172951389|180.0|21.5658|3.1515|28.0494|2.1109
257|2019-11-16|16:12:20|4C71-07-20191116@161219-R_Astrodon_2018_calib.fits|4C71-07|08 41 24.30|+70 53 42.0|130.3512|70.8950|1002.4128|1094.9984|R_Astrodon_2018|2458804.1752314814|180.0|21.5532|3.2034|28.3150|2.0929
258|2019-11-16|15:37:05|AO0235+16-20191116@153658-R_Astrodon_2018_calib.fits|AO0235+16|02 38 38.90|+16 36 59.0|39.6621|16.6164|970.6158|1053.3478|R_Astrodon_2018|2458804.150752315|180.0|21.8462|2.0489|77.6830|1.0248
259|2019-11-16|15:40:33|AO0235+16-20191116@154033-R_Astrodon_2018_calib.fits|AO0235+16|02 38 38.90|+16 36 59.0|39.6621|16.6164|971.3280|1052.8931|R_Astrodon_2018|2458804.153159722|180.0|21.8479|2.0699|76.9977|1.0277
260|2019-11-16|14:58:31|CTA102-20191116@145824-R_Astrodon_2018_calib.fits|CTA102|22 32 36.40|+11 43 51.0|338.1517|11.7308|1007.9526|1063.4740|R_Astrodon_2018|2458804.1239699074|180.0|21.0654|3.0433|29.4866|2.0528
261|2019-11-16|15:01:48|CTA102-20191116@150148-R_Astrodon_2018_calib.fits|CTA102|22 32 36.40|+11 43 51.0|338.1517|11.7308|1008.6772|1064.9539|R_Astrodon_2018|2458804.12625|180.0|21.0844|3.0193|28.7317|2.1025
262|2019-11-16|15:20:35|ES2344+514-20191116@152029-R_Astrodon_2018_calib.fits|ES2344+514|23 47 04.00|+51 42 18.0|356.7667|51.7050|1053.9239|949.4455|R_Astrodon_2018|2458804.1392939817|180.0|21.7822|2.6739|42.8817|1.4777
263|2019-11-16|15:23:51|ES2344+514-20191116@152351-R_Astrodon_2018_calib.fits|ES2344+514|23 47 04.00|+51 42 18.0|356.7667|51.7050|1053.1263|951.1492|R_Astrodon_2018|2458804.1415625|180.0|21.7847|2.5928|42.3964|1.4915
264|2019-11-16|15:12:59|L-Lacertae-20191116@151253-R_Astrodon_2018_calib.fits|L-Lacertae|22 02 43.30|+42 16 40.0|330.6804|42.2778|1052.1252|1062.9842|R_Astrodon_2018|2458804.1340162037|180.0|21.4784|3.1348|27.1766|2.2100
265|2019-11-16|15:16:15|L-Lacertae-20191116@151614-R_Astrodon_2018_calib.fits|L-Lacertae|22 02 43.30|+42 16 40.0|330.6804|42.2778|1051.8882|1064.4131|R_Astrodon_2018|2458804.136284722|180.0|21.4786|3.0424|26.5769|2.2565
266|2019-11-16|15:53:52|OJ248-20191116@155346-R_Astrodon_2018_calib.fits|OJ248|08 30 52.10|+24 11 00.0|127.7171|24.1833|1024.7483|1067.8836|R_Astrodon_2018|2458804.1624074075|180.0|20.8627|4.0263|24.1173|2.3949
267|2019-11-16|15:46:22|PKS0735+17-20191116@154617-R_Astrodon_2018_calib.fits|PKS0735+17|07 38 07.40|+17 42 19.0|114.5308|17.7053|1021.9395|1021.0025|R_Astrodon_2018|2458804.157199074|180.0|21.4228|2.9109|32.4287|1.8376
268|2019-11-16|15:49:38|PKS0735+17-20191116@154937-R_Astrodon_2018_calib.fits|PKS0735+17|07 38 07.40|+17 42 19.0|114.5308|17.7053|1021.6970|1019.0605|R_Astrodon_2018|2458804.1594675924|180.0|21.4255|2.8891|33.1749|1.8015
269|2019-11-16|16:16:02|S4_0954+65-20191116@161602-R_Astrodon_2018_calib.fits|S4_0954+65|09 58 47.20|+65 33 55.0|149.6967|65.5653|1024.7120|1104.1244|R_Astrodon_2018|2458804.177800926|180.0|20.7165|4.0051|21.5175|2.6890
270|2019-11-16|16:01:39|S5_0716+71-20191116@160132-R_Astrodon_2018_calib.fits|S5_0716+71|07 21 53.40|+71 20 36.0|110.4725|71.3433|971.1538|1088.4097|R_Astrodon_2018|2458804.1678125|180.0|21.6101|2.9720|33.4251|1.8068
271|2019-11-16|16:04:54|S5_0716+71-20191116@160454-R_Astrodon_2018_calib.fits|S5_0716+71|07 21 53.40|+71 20 36.0|110.4725|71.3433|972.0450|1088.7610|R_Astrodon_2018|2458804.1700694445|180.0|21.5946|2.9828|33.6552|1.7959
272|2019-11-21|18:45:16|4C71-07-20191121@184509-R_Astrodon_2018_calib.fits|4C71-07|08 41 24.30|+70 53 42.0|130.3512|70.8950|1021.4946|1030.2150|R_Astrodon_2018|2458809.281435185|180.0|21.6635|2.0008|39.9543|1.5598
273|2019-11-21|20:09:09|4C71-07-20191121@200903-R_Astrodon_2018_calib.fits|4C71-07|08 41 24.30|+70 53 42.0|130.3512|70.8950|1005.3471|983.5466|R_Astrodon_2018|2458809.3396875|180.0|21.6784|2.4164|42.4165|1.4892
274|2019-11-22|16:29:10|3C66A-20191122@162904-R_Astrodon_2018_calib.fits|3C66A|02 22 39.60|+43 02 08.0|35.6650|43.0356|1036.1401|893.9573|R_Astrodon_2018|2458810.186921296|180.0|21.7447|2.2227|55.9403|1.2118
275|2019-11-22|16:32:25|3C66A-20191122@163225-R_Astrodon_2018_calib.fits|3C66A|02 22 39.60|+43 02 08.0|35.6650|43.0356|1035.6592|895.1804|R_Astrodon_2018|2458810.189178241|180.0|21.7249|2.0598|55.3948|1.2198
276|2019-11-22|17:23:11|4C71-07-20191122@172305-R_Astrodon_2018_calib.fits|4C71-07|08 41 24.30|+70 53 42.0|130.3512|70.8950|959.8523|1115.2154|R_Astrodon_2018|2458810.2244328703|180.0|21.6880|2.7558|35.4520|1.7152
277|2019-11-22|17:26:26|4C71-07-20191122@172626-R_Astrodon_2018_calib.fits|4C71-07|08 41 24.30|+70 53 42.0|130.3512|70.8950|959.0123|1115.7828|R_Astrodon_2018|2458810.2266898146|180.0|21.6938|2.4421|35.6714|1.7061
278|2019-11-22|16:36:59|AO0235+16-20191122@163653-R_Astrodon_2018_calib.fits|AO0235+16|02 38 38.90|+16 36 59.0|39.6621|16.6164|975.8506|1041.8045|R_Astrodon_2018|2458810.192349537|180.0|21.8573|1.9804|59.3872|1.1666
279|2019-11-22|16:40:13|AO0235+16-20191122@164013-R_Astrodon_2018_calib.fits|AO0235+16|02 38 38.90|+16 36 59.0|39.6621|16.6164|976.3472|1042.8527|R_Astrodon_2018|2458810.1945949076|180.0|21.8583|2.2028|58.6488|1.1759
280|2019-11-22|16:21:25|ES2344+514-20191122@162119-R_Astrodon_2018_calib.fits|ES2344+514|23 47 04.00|+51 42 18.0|356.7667|51.7050|1021.7906|1024.6458|R_Astrodon_2018|2458810.181539352|180.0|21.7240|2.4502|29.9490|2.0164
281|2019-11-22|16:24:43|ES2344+514-20191122@162442-R_Astrodon_2018_calib.fits|ES2344+514|23 47 04.00|+51 42 18.0|356.7667|51.7050|1021.5208|1025.4818|R_Astrodon_2018|2458810.1838310184|180.0|21.7360|2.5875|29.4365|2.0484
282|2019-11-22|17:37:44|Mkn421-20191122@173738-R_Astrodon_2018_calib.fits|Mkn421|11 04 27.30|+38 12 32.0|166.1137|38.2089|1021.8747|1117.2920|R_Astrodon_2018|2458810.234537037|180.0|21.3311|3.9280|22.2764|2.5787
283|2019-11-22|16:53:31|OJ248-20191122@165325-R_Astrodon_2018_calib.fits|OJ248|08 30 52.10|+24 11 00.0|127.7171|24.1833|1024.1632|1050.4163|R_Astrodon_2018|2458810.2038310184|180.0|21.2521|2.1847|42.6452|1.4622
284|2019-11-22|16:56:46|OJ248-20191122@165645-R_Astrodon_2018_calib.fits|OJ248|08 30 52.10|+24 11 00.0|127.7171|24.1833|1023.9342|1049.1875|R_Astrodon_2018|2458810.206087963|180.0|21.2521|2.6220|43.3766|1.4427
285|2019-11-22|17:00:22|OJ287-20191122@170021-R_Astrodon_2018_calib.fits|OJ287|08 54 48.90|+20 06 31.0|133.7037|20.1086|1026.8102|1032.8985|R_Astrodon_2018|2458810.208587963|180.0|21.7261|2.4608|37.9002|1.6094
286|2019-11-22|17:03:37|OJ287-20191122@170336-R_Astrodon_2018_calib.fits|OJ287|08 54 48.90|+20 06 31.0|133.7037|20.1086|1026.6728|1031.2148|R_Astrodon_2018|2458810.2108449074|180.0|21.7235|2.7134|38.6407|1.5836
287|2019-11-22|17:07:51|OJ49-20191122@170746-R_Astrodon_2018_calib.fits|OJ49|08 31 48.90|+04 29 39.0|127.9537|4.4942|1036.4242|1014.7687|R_Astrodon_2018|2458810.213784722|180.0|21.2122|2.5065|39.3852|1.5591
288|2019-11-22|17:11:06|OJ49-20191122@171105-R_Astrodon_2018_calib.fits|OJ49|08 31 48.90|+04 29 39.0|127.9537|4.4942|1036.2279|1013.6928|R_Astrodon_2018|2458810.2160416665|180.0|21.2246|2.4432|40.1089|1.5360
289|2019-11-22|16:46:02|PKS0735+17-20191122@164557-R_Astrodon_2018_calib.fits|PKS0735+17|07 38 07.40|+17 42 19.0|114.5308|17.7053|1021.1696|1022.8009|R_Astrodon_2018|2458810.1986342594|180.0|21.6568|2.5004|51.5320|1.2686
290|2019-11-22|16:49:17|PKS0735+17-20191122@164917-R_Astrodon_2018_calib.fits|PKS0735+17|07 38 07.40|+17 42 19.0|114.5308|17.7053|1020.7580|1021.5309|R_Astrodon_2018|2458810.2008912037|180.0|21.6560|2.3579|52.2792|1.2558
291|2019-11-22|17:30:10|S4_0954+65-20191122@173009-R_Astrodon_2018_calib.fits|S4_0954+65|09 58 47.20|+65 33 55.0|149.6967|65.5653|991.8773|1110.2073|R_Astrodon_2018|2458810.2292824076|180.0|21.1172|2.7554|31.5831|1.8937
292|2019-11-22|17:33:24|S4_0954+65-20191122@173324-R_Astrodon_2018_calib.fits|S4_0954+65|09 58 47.20|+65 33 55.0|149.6967|65.5653|990.9960|1110.3166|R_Astrodon_2018|2458810.231527778|180.0|21.1220|2.6114|31.9094|1.8763
293|2019-11-22|17:15:46|S5_0716+71-20191122@171539-R_Astrodon_2018_calib.fits|S5_0716+71|07 21 53.40|+71 20 36.0|110.4725|71.3433|930.7274|1120.8495|R_Astrodon_2018|2458810.2192824073|180.0|21.6635|2.8602|39.2965|1.5738
294|2019-11-22|17:19:00|S5_0716+71-20191122@171900-R_Astrodon_2018_calib.fits|S5_0716+71|07 21 53.40|+71 20 36.0|110.4725|71.3433|931.7280|1122.0940|R_Astrodon_2018|2458810.2215277776|180.0|21.6590|2.8318|39.4450|1.5688
295|2019-11-23|19:43:19|3C273-20191123@194319-R_Astrodon_2018_calib.fits|3C273|12 29 06.70|+02 03 09.0|187.2779|2.0525|1033.5920|1026.5960|R_Astrodon_2018|2458811.3217476853|180.0|18.7776|3.5384|20.8805|2.7302
296|2019-11-23|18:11:49|3C66A-20191123@181144-R_Astrodon_2018_calib.fits|3C66A|02 22 39.60|+43 02 08.0|35.6650|43.0356|1014.2491|1017.6041|R_Astrodon_2018|2458811.2582060187|180.0|19.9185|2.5073|36.9418|1.6738
297|2019-11-23|18:15:05|3C66A-20191123@181504-R_Astrodon_2018_calib.fits|3C66A|02 22 39.60|+43 02 08.0|35.6650|43.0356|1014.0732|1019.6266|R_Astrodon_2018|2458811.260474537|180.0|20.8347|2.4256|36.3433|1.6977
298|2019-11-23|19:28:57|4C29-45-20191123@192852-R_Astrodon_2018_calib.fits|4C29-45|11 59 31.80|+29 14 44.0|179.8825|29.2456|1033.3709|1043.3117|R_Astrodon_2018|2458811.311770833|180.0|19.1262|2.9273|32.8046|1.8195
299|2019-11-23|19:32:11|4C29-45-20191123@193210-R_Astrodon_2018_calib.fits|4C29-45|11 59 31.80|+29 14 44.0|179.8825|29.2456|1033.3167|1043.0347|R_Astrodon_2018|2458811.314016204|180.0|19.1019|2.9270|33.5004|1.7865
300|2019-11-23|19:06:14|4C71-07-20191123@190608-R_Astrodon_2018_calib.fits|4C71-07|08 41 24.30|+70 53 42.0|130.3512|70.8950|942.4004|1135.0066|R_Astrodon_2018|2458811.2959953705|180.0|21.4294|2.5498|41.1179|1.5151
301|2019-11-23|19:09:30|4C71-07-20191123@190929-R_Astrodon_2018_calib.fits|4C71-07|08 41 24.30|+70 53 42.0|130.3512|70.8950|941.7887|1136.4369|R_Astrodon_2018|2458811.298263889|180.0|21.4723|2.5834|41.2298|1.5118
302|2019-11-23|18:19:26|AO0235+16-20191123@181919-R_Astrodon_2018_calib.fits|AO0235+16|02 38 38.90|+16 36 59.0|39.6621|16.6164|989.7399|1010.2770|R_Astrodon_2018|2458811.2634953703|180.0|21.1464|2.7239|34.9663|1.7599
303|2019-11-23|18:22:40|AO0235+16-20191123@182240-R_Astrodon_2018_calib.fits|AO0235+16|02 38 38.90|+16 36 59.0|39.6621|16.6164|990.4879|1012.2476|R_Astrodon_2018|2458811.2657407406|180.0|21.1619|2.7695|34.2251|1.7938
304|2019-11-23|19:20:48|Mkn421-20191123@192042-R_Astrodon_2018_calib.fits|Mkn421|11 04 27.30|+38 12 32.0|166.1137|38.2089|1015.7507|1066.3212|R_Astrodon_2018|2458811.3061111113|180.0|17.3371|2.5648|43.1932|1.4481
305|2019-11-23|19:24:02|Mkn421-20191123@192402-R_Astrodon_2018_calib.fits|Mkn421|11 04 27.30|+38 12 32.0|166.1137|38.2089|1015.0288|1066.1498|R_Astrodon_2018|2458811.3083564816|180.0|16.2526|1.6662|43.8293|1.4314
306|2019-11-23|18:35:57|OJ248-20191123@183550-R_Astrodon_2018_calib.fits|OJ248|08 30 52.10|+24 11 00.0|127.7171|24.1833|1023.6550|1023.6759|R_Astrodon_2018|2458811.274965278|180.0|20.3035|2.0426|66.7758|1.0844
307|2019-11-23|18:39:25|OJ248-20191123@183925-R_Astrodon_2018_calib.fits|OJ248|08 30 52.10|+24 11 00.0|127.7171|24.1833|1022.8104|1023.8337|R_Astrodon_2018|2458811.2773726853|180.0|19.5737|2.0256|67.5673|1.0782
308|2019-11-23|18:43:01|OJ287-20191123@184300-R_Astrodon_2018_calib.fits|OJ287|08 54 48.90|+20 06 31.0|133.7037|20.1086|1030.2560|1022.5635|R_Astrodon_2018|2458811.279872685|180.0|20.0770|2.1114|62.3350|1.1243
309|2019-11-23|18:46:15|OJ287-20191123@184614-R_Astrodon_2018_calib.fits|OJ287|08 54 48.90|+20 06 31.0|133.7037|20.1086|1029.4865|1022.5731|R_Astrodon_2018|2458811.2821180555|180.0|20.8976|2.0611|63.0783|1.1169
310|2019-11-23|18:50:30|OJ49-20191123@185023-R_Astrodon_2018_calib.fits|OJ49|08 31 48.90|+04 29 39.0|127.9537|4.4942|1044.6347|1026.1268|R_Astrodon_2018|2458811.285069444|180.0|20.9027|2.1341|61.5313|1.1337
311|2019-11-23|18:53:44|OJ49-20191123@185344-R_Astrodon_2018_calib.fits|OJ49|08 31 48.90|+04 29 39.0|127.9537|4.4942|1043.9591|1027.3509|R_Astrodon_2018|2458811.287314815|180.0|20.9432|2.1031|62.1090|1.1277
312|2019-11-23|19:36:17|ON231-20191123@193611-R_Astrodon_2018_calib.fits|ON231|12 21 31.70|+28 13 59.0|185.3821|28.2331|1035.2612|1056.1007|R_Astrodon_2018|2458811.316863426|180.0|18.3563|3.0622|29.4573|1.9990
313|2019-11-23|19:39:31|ON231-20191123@193930-R_Astrodon_2018_calib.fits|ON231|12 21 31.70|+28 13 59.0|185.3821|28.2331|1035.2787|1055.0440|R_Astrodon_2018|2458811.3191087963|180.0|18.7080|3.1629|30.1549|1.9576
314|2019-11-23|18:28:30|PKS0735+17-20191123@182824-R_Astrodon_2018_calib.fits|PKS0735+17|07 38 07.40|+17 42 19.0|114.5308|17.7053|1021.7968|1025.3264|R_Astrodon_2018|2458811.269791667|180.0|21.4996|2.3517|75.6151|1.0305
315|2019-11-23|18:31:45|PKS0735+17-20191123@183145-R_Astrodon_2018_calib.fits|PKS0735+17|07 38 07.40|+17 42 19.0|114.5308|17.7053|1020.7475|1027.3085|R_Astrodon_2018|2458811.272048611|180.0|21.0152|2.1189|76.3094|1.0275
316|2019-11-23|19:13:13|S4_0954+65-20191123@191312-R_Astrodon_2018_calib.fits|S4_0954+65|09 58 47.20|+65 33 55.0|149.6967|65.5653|969.0474|1111.3934|R_Astrodon_2018|2458811.3008449073|180.0|20.5042|2.6891|41.4054|1.5041
317|2019-11-23|19:16:27|S4_0954+65-20191123@191626-R_Astrodon_2018_calib.fits|S4_0954+65|09 58 47.20|+65 33 55.0|149.6967|65.5653|967.9468|1111.6173|R_Astrodon_2018|2458811.3030902776|180.0|20.5403|2.6751|41.6563|1.4967
318|2019-11-23|18:58:50|S5_0716+71-20191123@185845-R_Astrodon_2018_calib.fits|S5_0716+71|07 21 53.40|+71 20 36.0|110.4725|71.3433|919.3871|1155.1103|R_Astrodon_2018|2458811.2908564815|180.0|21.5221|2.6630|42.1049|1.4881
319|2019-11-23|19:02:05|S5_0716+71-20191123@190204-R_Astrodon_2018_calib.fits|S5_0716+71|07 21 53.40|+71 20 36.0|110.4725|71.3433|920.2642|1156.8882|R_Astrodon_2018|2458811.293113426|180.0|21.4473|2.5119|42.1163|1.4878
320|2019-11-24|11:34:05|3C371-20191124@113400-R_Astrodon_2018_calib.fits|3C371|18 06 50.70|+69 49 28.0|271.7112|69.8244|1033.0521|999.4924|R_Astrodon_2018|2458811.9820023146|180.0|21.0921|3.5453|23.3808|2.5086
321|2019-11-24|11:37:20|3C371-20191124@113719-R_Astrodon_2018_calib.fits|3C371|18 06 50.70|+69 49 28.0|271.7112|69.8244|1032.9073|1000.0002|R_Astrodon_2018|2458811.9842592594|180.0|20.2468|3.6707|23.1009|2.5375
322|2019-11-24|17:06:59|3C66A-20191124@170653-R_Astrodon_2018_calib.fits|3C66A|02 22 39.60|+43 02 08.0|35.6650|43.0356|1053.4936|944.8489|R_Astrodon_2018|2458812.2131828703|180.0|21.7224|2.5574|48.0032|1.3521
323|2019-11-24|17:10:14|3C66A-20191124@171013-R_Astrodon_2018_calib.fits|3C66A|02 22 39.60|+43 02 08.0|35.6650|43.0356|1053.0724|946.6463|R_Astrodon_2018|2458812.2154398146|180.0|21.7244|2.4883|47.4219|1.3648
324|2019-11-24|18:01:06|4C71-07-20191124@180101-R_Astrodon_2018_calib.fits|4C71-07|08 41 24.30|+70 53 42.0|130.3512|70.8950|947.8492|1137.2607|R_Astrodon_2018|2458812.250763889|180.0|21.6965|2.2471|38.3035|1.6062
325|2019-11-24|18:04:23|4C71-07-20191124@180422-R_Astrodon_2018_calib.fits|4C71-07|08 41 24.30|+70 53 42.0|130.3512|70.8950|947.1628|1138.2981|R_Astrodon_2018|2458812.2530439813|180.0|21.7060|2.3036|38.4861|1.5998
326|2019-11-24|21:03:51|4C71-07-20191124@210345-R_Astrodon_2018_calib.fits|4C71-07|08 41 24.30|+70 53 42.0|130.3512|70.8950|1126.9492|1039.9954|R_Astrodon_2018|2458812.377673611|180.0|21.7250|2.0543|42.2185|1.4846
327|2019-11-24|21:07:07|4C71-07-20191124@210707-R_Astrodon_2018_calib.fits|4C71-07|08 41 24.30|+70 53 42.0|130.3512|70.8950|1126.9229|1039.0865|R_Astrodon_2018|2458812.37994213|180.0|21.7263|2.0950|42.1585|1.4864
328|2019-11-24|17:14:36|AO0235+16-20191124@171429-R_Astrodon_2018_calib.fits|AO0235+16|02 38 38.90|+16 36 59.0|39.6621|16.6164|980.1377|1035.5096|R_Astrodon_2018|2458812.2184722223|180.0|21.8177|2.8789|48.9590|1.3334
329|2019-11-24|17:17:50|AO0235+16-20191124@171749-R_Astrodon_2018_calib.fits|AO0235+16|02 38 38.90|+16 36 59.0|39.6621|16.6164|980.4909|1037.5526|R_Astrodon_2018|2458812.2207175926|180.0|21.8135|2.5691|48.2157|1.3490
330|2019-11-24|14:23:53|ES2344+514-20191124@142347-R_Astrodon_2018_calib.fits|ES2344+514|23 47 04.00|+51 42 18.0|356.7667|51.7050|1052.2432|953.9546|R_Astrodon_2018|2458812.0999189815|180.0|21.7634|2.8606|46.5529|1.3842
331|2019-11-24|14:27:10|ES2344+514-20191124@142710-R_Astrodon_2018_calib.fits|ES2344+514|23 47 04.00|+51 42 18.0|356.7667|51.7050|1051.8119|955.9233|R_Astrodon_2018|2458812.102199074|180.0|21.7548|2.9271|46.0844|1.3953
332|2019-11-24|14:16:20|L-Lacertae-20191124@141614-R_Astrodon_2018_calib.fits|L-Lacertae|22 02 43.30|+42 16 40.0|330.6804|42.2778|1041.4297|1076.7769|R_Astrodon_2018|2458812.094675926|180.0|21.4941|2.9947|31.8236|1.9127
333|2019-11-24|14:19:35|L-Lacertae-20191124@141935-R_Astrodon_2018_calib.fits|L-Lacertae|22 02 43.30|+42 16 40.0|330.6804|42.2778|1041.1724|1078.7783|R_Astrodon_2018|2458812.0969328703|180.0|21.4946|3.1061|31.2224|1.9462
334|2019-11-24|18:15:39|Mkn421-20191124@181533-R_Astrodon_2018_calib.fits|Mkn421|11 04 27.30|+38 12 32.0|166.1137|38.2089|1016.4106|1127.3839|R_Astrodon_2018|2458812.2608680557|180.0|21.4008|3.1238|31.1562|1.9046
335|2019-11-24|21:20:39|Mkn421-20191124@212033-R_Astrodon_2018_calib.fits|Mkn421|11 04 27.30|+38 12 32.0|166.1137|38.2089|1021.4200|1024.3910|R_Astrodon_2018|2458812.3893402778|180.0|21.4794|2.5481|66.4599|1.0873
336|2019-11-24|17:31:03|OJ248-20191124@173058-R_Astrodon_2018_calib.fits|OJ248|08 30 52.10|+24 11 00.0|127.7171|24.1833|1023.9337|1040.8147|R_Astrodon_2018|2458812.2298958334|180.0|21.2585|2.0838|52.9004|1.2458
337|2019-11-24|17:34:18|OJ248-20191124@173417-R_Astrodon_2018_calib.fits|OJ248|08 30 52.10|+24 11 00.0|127.7171|24.1833|1023.1913|1040.0006|R_Astrodon_2018|2458812.2321527777|180.0|21.2696|2.5866|53.6375|1.2341
338|2019-11-24|20:32:00|OJ248-20191124@203155-R_Astrodon_2018_calib.fits|OJ248|08 30 52.10|+24 11 00.0|127.7171|24.1833|1029.7684|1019.7166|R_Astrodon_2018|2458812.355555556|180.0|21.2691|2.6643|85.6715|1.0035
339|2019-11-24|20:35:15|OJ248-20191124@203515-R_Astrodon_2018_calib.fits|OJ248|08 30 52.10|+24 11 00.0|127.7171|24.1833|1030.0817|1018.6347|R_Astrodon_2018|2458812.3578125|180.0|21.2902|2.6554|84.9351|1.0046
340|2019-11-24|17:37:52|OJ287-20191124@173751-R_Astrodon_2018_calib.fits|OJ287|08 54 48.90|+20 06 31.0|133.7037|20.1086|1029.0980|1029.4987|R_Astrodon_2018|2458812.2346296296|180.0|21.7498|2.3898|48.2700|1.3298
341|2019-11-24|17:41:07|OJ287-20191124@174106-R_Astrodon_2018_calib.fits|OJ287|08 54 48.90|+20 06 31.0|133.7037|20.1086|1028.9389|1028.5767|R_Astrodon_2018|2458812.236886574|180.0|21.7620|2.6665|49.0152|1.3148
342|2019-11-24|20:40:19|OJ287-20191124@204019-R_Astrodon_2018_calib.fits|OJ287|08 54 48.90|+20 06 31.0|133.7037|20.1086|1004.3671|1026.3390|R_Astrodon_2018|2458812.3613310186|180.0|20.4207|2.1306|86.5657|1.0020
343|2019-11-24|20:43:34|OJ287-20191124@204333-R_Astrodon_2018_calib.fits|OJ287|08 54 48.90|+20 06 31.0|133.7037|20.1086|1005.7970|1025.5181|R_Astrodon_2018|2458812.363587963|180.0|20.7738|2.1132|86.3338|1.0024
344|2019-11-24|17:45:35|OJ49-20191124@174529-R_Astrodon_2018_calib.fits|OJ49|08 31 48.90|+04 29 39.0|127.9537|4.4942|1040.4749|1005.5381|R_Astrodon_2018|2458812.2399884257|180.0|21.0833|2.3271|49.3543|1.3091
345|2019-11-24|17:48:50|OJ49-20191124@174850-R_Astrodon_2018_calib.fits|OJ49|08 31 48.90|+04 29 39.0|127.9537|4.4942|1040.1411|1005.2321|R_Astrodon_2018|2458812.2422453705|180.0|21.2445|2.1901|50.0456|1.2960
346|2019-11-24|20:47:50|OJ49-20191124@204743-R_Astrodon_2018_calib.fits|OJ49|08 31 48.90|+04 29 39.0|127.9537|4.4942|982.2299|1055.8345|R_Astrodon_2018|2458812.366550926|180.0|21.2729|2.0013|69.3667|1.0701
347|2019-11-24|20:51:18|OJ49-20191124@205118-R_Astrodon_2018_calib.fits|OJ49|08 31 48.90|+04 29 39.0|127.9537|4.4942|983.6877|1054.7799|R_Astrodon_2018|2458812.3689583335|180.0|21.2686|2.0598|69.0231|1.0728
348|2019-11-24|17:23:37|PKS0735+17-20191124@172330-R_Astrodon_2018_calib.fits|PKS0735+17|07 38 07.40|+17 42 19.0|114.5308|17.7053|1021.8559|1023.9277|R_Astrodon_2018|2458812.2247337964|180.0|21.6582|2.2941|61.9602|1.1281
349|2019-11-24|17:26:52|PKS0735+17-20191124@172652-R_Astrodon_2018_calib.fits|PKS0735+17|07 38 07.40|+17 42 19.0|114.5308|17.7053|1021.1707|1023.9646|R_Astrodon_2018|2458812.2269907407|180.0|21.6593|2.1916|62.7026|1.1206
350|2019-11-24|20:24:32|PKS0735+17-20191124@202427-R_Astrodon_2018_calib.fits|PKS0735+17|07 38 07.40|+17 42 19.0|114.5308|17.7053|1024.8138|1024.1110|R_Astrodon_2018|2458812.3503703703|180.0|21.6635|2.1436|73.9814|1.0427
351|2019-11-24|20:27:47|PKS0735+17-20191124@202747-R_Astrodon_2018_calib.fits|PKS0735+17|07 38 07.40|+17 42 19.0|114.5308|17.7053|1025.9399|1024.2860|R_Astrodon_2018|2458812.3526273146|180.0|21.6712|2.4438|73.2689|1.0466
352|2019-11-24|18:08:05|S4_0954+65-20191124@180805-R_Astrodon_2018_calib.fits|S4_0954+65|09 58 47.20|+65 33 55.0|149.6967|65.5653|978.4664|1128.2059|R_Astrodon_2018|2458812.2556134257|180.0|21.1586|2.4242|36.0761|1.6868
353|2019-11-24|18:11:20|S4_0954+65-20191124@181119-R_Astrodon_2018_calib.fits|S4_0954+65|09 58 47.20|+65 33 55.0|149.6967|65.5653|977.4278|1128.4404|R_Astrodon_2018|2458812.2578703705|180.0|21.1634|2.3253|36.3821|1.6746
354|2019-11-24|21:12:14|S4_0954+65-20191124@211213-R_Astrodon_2018_calib.fits|S4_0954+65|09 58 47.20|+65 33 55.0|149.6967|65.5653|-319.1533|1092.5116|R_Astrodon_2018|2458812.3834953704|180.0|21.1879|2.4732|47.6464|1.3492
355|2019-11-24|21:15:47|S4_0954+65-20191124@211547-R_Astrodon_2018_calib.fits|S4_0954+65|09 58 47.20|+65 33 55.0|149.6967|65.5653|1023.3989|1032.8092|R_Astrodon_2018|2458812.3859606483|180.0|21.1647|2.1705|47.7056|1.3543
356|2019-11-24|17:53:40|S5_0716+71-20191124@175335-R_Astrodon_2018_calib.fits|S5_0716+71|07 21 53.40|+71 20 36.0|110.4725|71.3433|924.5597|1149.5586|R_Astrodon_2018|2458812.245601852|180.0|21.6563|2.5683|41.0516|1.5184
357|2019-11-24|17:56:56|S5_0716+71-20191124@175655-R_Astrodon_2018_calib.fits|S5_0716+71|07 21 53.40|+71 20 36.0|110.4725|71.3433|925.6042|1151.0631|R_Astrodon_2018|2458812.2478703703|180.0|21.6539|2.4968|41.1468|1.5156
358|2019-11-24|20:56:24|S5_0716+71-20191124@205619-R_Astrodon_2018_calib.fits|S5_0716+71|07 21 53.40|+71 20 36.0|110.4725|71.3433|1135.9877|1054.2861|R_Astrodon_2018|2458812.3725|180.0|21.6516|2.1004|39.5193|1.5690
359|2019-11-24|20:59:39|S5_0716+71-20191124@205939-R_Astrodon_2018_calib.fits|S5_0716+71|07 21 53.40|+71 20 36.0|110.4725|71.3433|1135.3015|1053.8843|R_Astrodon_2018|2458812.3747569444|180.0|21.6495|2.0325|39.3719|1.5740
360|2019-11-26|21:06:57|3C273-20191126@210651-R_Astrodon_2018_calib.fits|3C273|12 29 06.70|+02 03 09.0|187.2779|2.0525|1050.1048|1035.1545|R_Astrodon_2018|2458814.379826389|180.0|21.2426|2.0398|42.2125|1.4747
361|2019-11-26|21:10:12|3C273-20191126@211011-R_Astrodon_2018_calib.fits|3C273|12 29 06.70|+02 03 09.0|187.2779|2.0525|1049.8077|1035.1962|R_Astrodon_2018|2458814.382083333|180.0|21.2523|1.9554|42.9137|1.4555
362|2019-11-26|21:14:23|3C279-20191126@211417-R_Astrodon_2018_calib.fits|3C279|12 56 11.10|-05 47 22.0|194.0462|-5.7894|1028.4975|1046.4936|R_Astrodon_2018|2458814.3849884258|180.0|21.2434|2.4898|33.9005|1.7708
363|2019-11-26|13:58:28|3C454-3-20191126@135827-R_Astrodon_2018_calib.fits|3C454-3|22 53 57.70|+16 08 54.0|343.4904|16.1483|1033.8050|1000.5632|R_Astrodon_2018|2458814.0822685184|180.0|20.8680|2.4823|40.5897|1.5490
364|2019-11-26|14:01:41|3C454-3-20191126@140141-R_Astrodon_2018_calib.fits|3C454-3|22 53 57.70|+16 08 54.0|343.4904|16.1483|1034.3949|1002.9149|R_Astrodon_2018|2458814.0845023147|180.0|20.8714|2.3486|39.8504|1.5734
365|2019-11-26|14:21:18|3C66A-20191126@142113-R_Astrodon_2018_calib.fits|3C66A|02 22 39.60|+43 02 08.0|35.6650|43.0356|1000.9632|980.2666|R_Astrodon_2018|2458814.098125|180.0|21.7445|2.5584|69.8616|1.0662
366|2019-11-26|14:24:34|3C66A-20191126@142434-R_Astrodon_2018_calib.fits|3C66A|02 22 39.60|+43 02 08.0|35.6650|43.0356|1001.2960|979.9293|R_Astrodon_2018|2458814.1003935183|180.0|21.7500|2.5192|69.6909|1.0675
367|2019-11-26|20:52:33|4C29-45-20191126@205227-R_Astrodon_2018_calib.fits|4C29-45|11 59 31.80|+29 14 44.0|179.8825|29.2456|1043.1789|1023.0270|R_Astrodon_2018|2458814.369826389|180.0|21.4894|2.2122|53.5416|1.2353
368|2019-11-26|20:55:47|4C29-45-20191126@205547-R_Astrodon_2018_calib.fits|4C29-45|11 59 31.80|+29 14 44.0|179.8825|29.2456|1042.4231|1022.4961|R_Astrodon_2018|2458814.3720717593|180.0|21.4889|2.1835|54.2488|1.2243
369|2019-11-26|20:28:16|4C71-07-20191126@202810-R_Astrodon_2018_calib.fits|4C71-07|08 41 24.30|+70 53 42.0|130.3512|70.8950|1126.7906|1035.5256|R_Astrodon_2018|2458814.352962963|180.0|21.7274|2.0224|42.5401|1.4751
370|2019-11-26|20:31:32|4C71-07-20191126@203132-R_Astrodon_2018_calib.fits|4C71-07|08 41 24.30|+70 53 42.0|130.3512|70.8950|1126.7654|1034.4593|R_Astrodon_2018|2458814.3552314816|180.0|21.7249|2.0513|42.5199|1.4758
371|2019-11-26|14:29:23|AO0235+16-20191126@142918-R_Astrodon_2018_calib.fits|AO0235+16|02 38 38.90|+16 36 59.0|39.6621|16.6164|970.7435|1060.5995|R_Astrodon_2018|2458814.1037384258|180.0|21.8567|2.5601|82.2790|1.0095
372|2019-11-26|14:32:38|AO0235+16-20191126@143237-R_Astrodon_2018_calib.fits|AO0235+16|02 38 38.90|+16 36 59.0|39.6621|16.6164|971.7701|1059.5930|R_Astrodon_2018|2458814.1059953705|180.0|21.8504|2.6118|81.8981|1.0105
373|2019-11-26|13:51:37|CTA102-20191126@135132-R_Astrodon_2018_calib.fits|CTA102|22 32 36.40|+11 43 51.0|338.1517|11.7308|1024.2054|1023.0980|R_Astrodon_2018|2458814.077511574|180.0|21.1858|2.4113|35.8276|1.7236
374|2019-11-26|13:54:52|CTA102-20191126@135451-R_Astrodon_2018_calib.fits|CTA102|22 32 36.40|+11 43 51.0|338.1517|11.7308|1025.2716|1024.6142|R_Astrodon_2018|2458814.0797685185|180.0|21.1999|2.3209|35.0808|1.7560
375|2019-11-26|14:13:36|ES2344+514-20191126@141330-R_Astrodon_2018_calib.fits|ES2344+514|23 47 04.00|+51 42 18.0|356.7667|51.7050|1050.6966|954.0256|R_Astrodon_2018|2458814.092777778|180.0|21.7706|2.8361|46.8961|1.3763
376|2019-11-26|14:16:51|ES2344+514-20191126@141651-R_Astrodon_2018_calib.fits|ES2344+514|23 47 04.00|+51 42 18.0|356.7667|51.7050|1050.3984|955.7743|R_Astrodon_2018|2458814.0950347222|180.0|21.7665|2.5137|46.4347|1.3870
377|2019-11-26|14:06:02|L-Lacertae-20191126@140556-R_Astrodon_2018_calib.fits|L-Lacertae|22 02 43.30|+42 16 40.0|330.6804|42.2778|1060.5821|1054.9703|R_Astrodon_2018|2458814.087523148|180.0|21.5002|2.4093|32.2745|1.8889
378|2019-11-26|14:09:18|L-Lacertae-20191126@140917-R_Astrodon_2018_calib.fits|L-Lacertae|22 02 43.30|+42 16 40.0|330.6804|42.2778|1060.2376|1056.6254|R_Astrodon_2018|2458814.0897916667|180.0|21.4934|2.4604|31.6700|1.9216
379|2019-11-26|20:45:04|Mkn421-20191126@204458-R_Astrodon_2018_calib.fits|Mkn421|11 04 27.30|+38 12 32.0|166.1137|38.2089|1021.0188|1023.5424|R_Astrodon_2018|2458814.3646296295|180.0|21.4679|2.7301|61.6241|1.1318
380|2019-11-26|20:48:20|Mkn421-20191126@204819-R_Astrodon_2018_calib.fits|Mkn421|11 04 27.30|+38 12 32.0|166.1137|38.2089|1019.9794|1023.9709|R_Astrodon_2018|2458814.3668981483|180.0|21.4809|2.5562|62.2142|1.1257
381|2019-11-26|19:47:16|OJ248-20191126@194711-R_Astrodon_2018_calib.fits|OJ248|08 30 52.10|+24 11 00.0|127.7171|24.1833|1022.7013|1026.3529|R_Astrodon_2018|2458814.324490741|180.0|21.2622|3.6295|85.7540|1.0022
382|2019-11-26|19:50:32|OJ248-20191126@195031-R_Astrodon_2018_calib.fits|OJ248|08 30 52.10|+24 11 00.0|127.7171|24.1833|1022.1287|1029.4010|R_Astrodon_2018|2458814.326759259|180.0|21.2745|3.0584|86.4900|1.0014
383|2019-11-26|19:54:07|OJ287-20191126@195406-R_Astrodon_2018_calib.fits|OJ287|08 54 48.90|+20 06 31.0|133.7037|20.1086|1031.0277|1019.1434|R_Astrodon_2018|2458814.329247685|180.0|21.7741|2.6870|81.1287|1.0110
384|2019-11-26|20:00:20|OJ287-20191126@200014-R_Astrodon_2018_calib.fits|OJ287|08 54 48.90|+20 06 31.0|133.7037|20.1086|1024.6317|1015.4962|R_Astrodon_2018|2458814.3335648146|180.0|21.7704|2.3076|82.4474|1.0079
385|2019-11-26|20:12:32|OJ49-20191126@201227-R_Astrodon_2018_calib.fits|OJ49|08 31 48.90|+04 29 39.0|127.9537|4.4942|1023.7647|1022.4165|R_Astrodon_2018|2458814.342037037|180.0|21.2633|2.2463|70.9688|1.0584
386|2019-11-26|20:15:47|OJ49-20191126@201546-R_Astrodon_2018_calib.fits|OJ49|08 31 48.90|+04 29 39.0|127.9537|4.4942|1024.6618|1020.3818|R_Astrodon_2018|2458814.3442939813|180.0|21.2661|2.2263|70.8921|1.0590
387|2019-11-26|20:59:21|ON231-20191126@205920-R_Astrodon_2018_calib.fits|ON231|12 21 31.70|+28 13 59.0|185.3821|28.2331|1025.3980|1028.9634|R_Astrodon_2018|2458814.374548611|180.0|21.3878|2.3502|50.1797|1.2923
388|2019-11-26|21:02:35|ON231-20191126@210235-R_Astrodon_2018_calib.fits|ON231|12 21 31.70|+28 13 59.0|185.3821|28.2331|1024.7652|1028.3769|R_Astrodon_2018|2458814.3767939815|180.0|21.3895|2.3728|50.8925|1.2793
389|2019-11-26|19:37:47|PKS0735+17-20191126@193741-R_Astrodon_2018_calib.fits|PKS0735+17|07 38 07.40|+17 42 19.0|114.5308|17.7053|987.7657|1006.5806|R_Astrodon_2018|2458814.3179050926|180.0|21.6575|2.8611|81.8012|1.0112
390|2019-11-26|19:41:16|PKS0735+17-20191126@194116-R_Astrodon_2018_calib.fits|PKS0735+17|07 38 07.40|+17 42 19.0|114.5308|17.7053|988.3006|1005.5182|R_Astrodon_2018|2458814.320324074|180.0|21.6569|2.8619|81.2015|1.0130
391|2019-11-26|20:36:40|S4_0954+65-20191126@203639-R_Astrodon_2018_calib.fits|S4_0954+65|09 58 47.20|+65 33 55.0|149.6967|65.5653|-328.1608|1082.6205|R_Astrodon_2018|2458814.358796296|180.0|21.1809|2.4791|46.9256|1.3644
392|2019-11-26|20:40:15|S4_0954+65-20191126@204015-R_Astrodon_2018_calib.fits|S4_0954+65|09 58 47.20|+65 33 55.0|149.6967|65.5653|1023.3626|1032.8783|R_Astrodon_2018|2458814.361284722|180.0|21.1850|2.1228|47.0441|1.3681
393|2019-11-26|20:20:52|S5_0716+71-20191126@202047-R_Astrodon_2018_calib.fits|S5_0716+71|07 21 53.40|+71 20 36.0|110.4725|71.3433|1140.5162|1039.7232|R_Astrodon_2018|2458814.347824074|180.0|21.6583|2.2805|40.6242|1.5333
394|2019-11-26|20:24:07|S5_0716+71-20191126@202406-R_Astrodon_2018_calib.fits|S5_0716+71|07 21 53.40|+71 20 36.0|110.4725|71.3433|1139.5935|1039.1547|R_Astrodon_2018|2458814.3500810186|180.0|21.6579|2.2909|40.5089|1.5369
395|2019-11-28|13:02:00|3C454-3-20191128@130159-R_Astrodon_2018_calib.fits|3C454-3|22 53 57.70|+16 08 54.0|343.4904|16.1483|1034.2741|1001.8628|R_Astrodon_2018|2458816.043055556|180.0|20.9250|2.4840|51.7609|1.2803
396|2019-11-28|13:05:14|3C454-3-20191128@130513-R_Astrodon_2018_calib.fits|3C454-3|22 53 57.70|+16 08 54.0|343.4904|16.1483|1035.1641|1003.7581|R_Astrodon_2018|2458816.045300926|180.0|20.9256|2.4114|51.0186|1.2939
397|2019-11-28|21:06:35|4C29-45-20191128@210629-R_Astrodon_2018_calib.fits|4C29-45|11 59 31.80|+29 14 44.0|179.8825|29.2456|1022.3782|1023.4547|R_Astrodon_2018|2458816.379571759|180.0|21.4936|2.2892|58.3302|1.1686
398|2019-11-28|12:55:08|CTA102-20191128@125502-R_Astrodon_2018_calib.fits|CTA102|22 32 36.40|+11 43 51.0|338.1517|11.7308|950.5771|1100.2472|R_Astrodon_2018|2458816.038287037|180.0|21.2570|2.5226|46.9593|1.3765
399|2019-11-28|12:58:23|CTA102-20191128@125822-R_Astrodon_2018_calib.fits|CTA102|22 32 36.40|+11 43 51.0|338.1517|11.7308|951.9160|1101.8219|R_Astrodon_2018|2458816.0405439814|180.0|21.2575|2.5776|46.2189|1.3937
400|2019-11-28|13:17:08|ES2344+514-20191128@131703-R_Astrodon_2018_calib.fits|ES2344+514|23 47 04.00|+51 42 18.0|356.7667|51.7050|1040.5285|964.1181|R_Astrodon_2018|2458816.053564815|180.0|21.8073|2.4537|53.3327|1.2514
401|2019-11-28|13:20:24|ES2344+514-20191128@132023-R_Astrodon_2018_calib.fits|ES2344+514|23 47 04.00|+51 42 18.0|356.7667|51.7050|1040.1745|965.6817|R_Astrodon_2018|2458816.055833333|180.0|21.7998|2.4043|52.9336|1.2581
402|2019-11-28|13:09:33|L-Lacertae-20191128@130928-R_Astrodon_2018_calib.fits|L-Lacertae|22 02 43.30|+42 16 40.0|330.6804|42.2778|1070.4870|1044.5313|R_Astrodon_2018|2458816.0482986113|180.0|21.5518|2.9199|41.2843|1.5264
403|2019-11-28|13:12:48|L-Lacertae-20191128@131247-R_Astrodon_2018_calib.fits|L-Lacertae|22 02 43.30|+42 16 40.0|330.6804|42.2778|1069.6686|1046.5496|R_Astrodon_2018|2458816.0505555556|180.0|21.5555|2.9203|40.6833|1.5452
404|2019-11-28|20:44:59|OJ248-20191128@204454-R_Astrodon_2018_calib.fits|OJ248|08 30 52.10|+24 11 00.0|127.7171|24.1833|1031.3120|1020.0271|R_Astrodon_2018|2458816.3645717595|180.0|21.2685|3.0244|79.1266|1.0198
405|2019-11-28|20:48:14|OJ248-20191128@204814-R_Astrodon_2018_calib.fits|OJ248|08 30 52.10|+24 11 00.0|127.7171|24.1833|1031.8340|1019.7172|R_Astrodon_2018|2458816.366828704|180.0|21.2743|2.7860|78.3835|1.0225
406|2019-11-28|20:51:48|OJ287-20191128@205148-R_Astrodon_2018_calib.fits|OJ287|08 54 48.90|+20 06 31.0|133.7037|20.1086|1009.9060|1033.3262|R_Astrodon_2018|2458816.3693055557|180.0|21.7686|3.3952|82.1972|1.0104
407|2019-11-28|20:55:02|OJ287-20191128@205502-R_Astrodon_2018_calib.fits|OJ287|08 54 48.90|+20 06 31.0|133.7037|20.1086|1010.3508|1032.6277|R_Astrodon_2018|2458816.371550926|180.0|21.7886|3.6148|81.5121|1.0123
408|2019-11-28|20:59:17|OJ49-20191128@205912-R_Astrodon_2018_calib.fits|OJ49|08 31 48.90|+04 29 39.0|127.9537|4.4942|985.1531|1068.5982|R_Astrodon_2018|2458816.3745023147|180.0|21.2592|2.6333|66.0106|1.0973
409|2019-11-28|20:37:32|PKS0735+17-20191128@203726-R_Astrodon_2018_calib.fits|PKS0735+17|07 38 07.40|+17 42 19.0|114.5308|17.7053|1024.1019|1035.5365|R_Astrodon_2018|2458816.359398148|180.0|20.5577|2.8290|67.5759|1.0852
410|2019-11-28|20:40:48|PKS0735+17-20191128@204047-R_Astrodon_2018_calib.fits|PKS0735+17|07 38 07.40|+17 42 19.0|114.5308|17.7053|1024.7155|1035.9680|R_Astrodon_2018|2458816.361666667|180.0|21.6331|2.6232|66.8366|1.0913
411|2019-11-28|21:15:45|PKS0735+17-20191128@211540-R_Astrodon_2018_calib.fits|PKS0735+17|07 38 07.40|+17 42 19.0|114.5308|17.7053|1023.3446|1023.4351|R_Astrodon_2018|2458816.3859375|180.0|21.6488|2.5290|58.8627|1.1736
412|2019-11-29|20:05:21|3C273-20191129@200516-R_Astrodon_2018_calib.fits|3C273|12 29 06.70|+02 03 09.0|187.2779|2.0525|1039.7552|1035.7224|R_Astrodon_2018|2458817.337048611|180.0|21.2503|2.5164|31.2159|1.9000
413|2019-11-29|20:08:36|3C273-20191129@200836-R_Astrodon_2018_calib.fits|3C273|12 29 06.70|+02 03 09.0|187.2779|2.0525|1039.6549|1034.2956|R_Astrodon_2018|2458817.3393055554|180.0|21.2562|2.3487|31.9448|1.8620
414|2019-11-29|20:12:46|3C279-20191129@201239-R_Astrodon_2018_calib.fits|3C279|12 56 11.10|-05 47 22.0|194.0462|-5.7894|1022.9505|1050.8748|R_Astrodon_2018|2458817.342199074|180.0|21.2790|2.9077|23.2352|2.4782
415|2019-11-29|18:31:24|3C66A-20191129@183118-R_Astrodon_2018_calib.fits|3C66A|02 22 39.60|+43 02 08.0|35.6650|43.0356|1023.8212|1025.4100|R_Astrodon_2018|2458817.2718055556|180.0|21.6898|2.2813|29.0434|2.0736
416|2019-11-29|18:34:40|3C66A-20191129@183439-R_Astrodon_2018_calib.fits|3C66A|02 22 39.60|+43 02 08.0|35.6650|43.0356|1024.5037|1026.9143|R_Astrodon_2018|2458817.274074074|180.0|21.6897|2.4147|28.4484|2.1134
417|2019-11-29|18:22:27|4C29-45-20191129@182222-R_Astrodon_2018_calib.fits|4C29-45|11 59 31.80|+29 14 44.0|179.8825|29.2456|1023.3291|1023.4866|R_Astrodon_2018|2458817.265590278|180.0|21.4537|2.6407|23.6462|2.4384
418|2019-11-29|19:50:59|4C29-45-20191129@195053-R_Astrodon_2018_calib.fits|4C29-45|11 59 31.80|+29 14 44.0|179.8825|29.2456|1040.5584|1035.5973|R_Astrodon_2018|2458817.3270717594|180.0|21.4856|2.1313|42.6779|1.4608
419|2019-11-29|19:54:14|4C29-45-20191129@195413-R_Astrodon_2018_calib.fits|4C29-45|11 59 31.80|+29 14 44.0|179.8825|29.2456|1039.8148|1034.2943|R_Astrodon_2018|2458817.3293287037|180.0|21.4907|2.0378|43.3851|1.4420
420|2019-11-29|19:28:13|4C71-07-20191129@192809-R_Astrodon_2018_calib.fits|4C71-07|08 41 24.30|+70 53 42.0|130.3512|70.8950|1023.0141|1027.5513|R_Astrodon_2018|2458817.3112615743|180.0|21.7634|2.3364|42.2849|1.4863
421|2019-11-29|19:31:30|4C71-07-20191129@193129-R_Astrodon_2018_calib.fits|4C71-07|08 41 24.30|+70 53 42.0|130.3512|70.8950|1023.7757|1029.6417|R_Astrodon_2018|2458817.3135416666|180.0|21.7603|2.2806|42.3349|1.4849
422|2019-11-29|18:39:00|AO0235+16-20191129@183854-R_Astrodon_2018_calib.fits|AO0235+16|02 38 38.90|+16 36 59.0|39.6621|16.6164|998.4811|1013.8034|R_Astrodon_2018|2458817.277083333|180.0|21.7535|2.7636|25.1032|2.3828
423|2019-11-29|18:42:15|AO0235+16-20191129@184214-R_Astrodon_2018_calib.fits|AO0235+16|02 38 38.90|+16 36 59.0|39.6621|16.6164|999.7637|1014.1021|R_Astrodon_2018|2458817.279340278|180.0|21.7404|2.6658|24.3636|2.4516
424|2019-11-29|19:43:31|Mkn421-20191129@194325-R_Astrodon_2018_calib.fits|Mkn421|11 04 27.30|+38 12 32.0|166.1137|38.2089|1021.4649|1022.7837|R_Astrodon_2018|2458817.321886574|180.0|21.4857|2.8020|52.2473|1.2569
425|2019-11-29|19:46:46|Mkn421-20191129@194645-R_Astrodon_2018_calib.fits|Mkn421|11 04 27.30|+38 12 32.0|166.1137|38.2089|1020.4103|1022.6152|R_Astrodon_2018|2458817.3241435187|180.0|21.4878|2.8737|52.8753|1.2465
426|2019-11-29|18:55:38|OJ248-20191129@185533-R_Astrodon_2018_calib.fits|OJ248|08 30 52.10|+24 11 00.0|127.7171|24.1833|1025.2468|1013.4402|R_Astrodon_2018|2458817.2886342593|180.0|21.3269|3.4000|76.6655|1.0258
427|2019-11-29|18:58:54|OJ248-20191129@185853-R_Astrodon_2018_calib.fits|OJ248|08 30 52.10|+24 11 00.0|127.7171|24.1833|1024.8982|1014.8586|R_Astrodon_2018|2458817.2909027776|180.0|21.3261|2.8461|77.4126|1.0228
428|2019-11-29|19:02:28|OJ287-20191129@190228-R_Astrodon_2018_calib.fits|OJ287|08 54 48.90|+20 06 31.0|133.7037|20.1086|1030.5866|1017.8203|R_Astrodon_2018|2458817.2933796295|180.0|21.8105|2.2904|72.2042|1.0476
429|2019-11-29|19:05:42|OJ287-20191129@190541-R_Astrodon_2018_calib.fits|OJ287|08 54 48.90|+20 06 31.0|133.7037|20.1086|1029.9057|1018.7604|R_Astrodon_2018|2458817.295625|180.0|21.8145|2.2853|72.9412|1.0435
430|2019-11-29|19:09:56|OJ49-20191129@190951-R_Astrodon_2018_calib.fits|OJ49|08 31 48.90|+04 29 39.0|127.9537|4.4942|1044.5109|1031.6573|R_Astrodon_2018|2458817.298564815|180.0|21.2953|2.6189|68.1565|1.0757
431|2019-11-29|19:13:11|OJ49-20191129@191310-R_Astrodon_2018_calib.fits|OJ49|08 31 48.90|+04 29 39.0|127.9537|4.4942|1043.3203|1034.1769|R_Astrodon_2018|2458817.3008217593|180.0|21.2853|2.6779|68.5351|1.0730
432|2019-11-29|19:57:47|ON231-20191129@195747-R_Astrodon_2018_calib.fits|ON231|12 21 31.70|+28 13 59.0|185.3821|28.2331|1024.7901|1032.0041|R_Astrodon_2018|2458817.3317939816|180.0|21.3934|2.4042|39.2502|1.5628
433|2019-11-29|20:01:02|ON231-20191129@200101-R_Astrodon_2018_calib.fits|ON231|12 21 31.70|+28 13 59.0|185.3821|28.2331|1024.4773|1030.5860|R_Astrodon_2018|2458817.334050926|180.0|21.3879|2.3534|39.9607|1.5399
434|2019-11-29|18:48:10|PKS0735+17-20191129@184805-R_Astrodon_2018_calib.fits|PKS0735+17|07 38 07.40|+17 42 19.0|114.5308|17.7053|1021.1023|1026.3557|R_Astrodon_2018|2458817.2834490743|180.0|21.7003|2.7242|83.4847|1.0062
435|2019-11-29|18:51:26|PKS0735+17-20191129@185125-R_Astrodon_2018_calib.fits|PKS0735+17|07 38 07.40|+17 42 19.0|114.5308|17.7053|1020.3815|1029.4889|R_Astrodon_2018|2458817.2857175926|180.0|21.6955|2.6202|83.8048|1.0057
436|2019-11-29|19:35:13|S4_0954+65-20191129@193512-R_Astrodon_2018_calib.fits|S4_0954+65|09 58 47.20|+65 33 55.0|149.6967|65.5653|314.4548|1098.6519|R_Astrodon_2018|2458817.316122685|180.0|21.2364|2.3314|44.5713|1.4188
437|2019-11-29|19:38:48|S4_0954+65-20191129@193847-R_Astrodon_2018_calib.fits|S4_0954+65|09 58 47.20|+65 33 55.0|149.6967|65.5653|1021.5794|1028.0612|R_Astrodon_2018|2458817.318611111|180.0|21.2375|2.2994|44.7827|1.4170
438|2019-11-29|19:19:08|S5_0716+71-20191129@191902-R_Astrodon_2018_calib.fits|S5_0716+71|07 21 53.40|+71 20 36.0|110.4725|71.3433|1021.5376|1020.9444|R_Astrodon_2018|2458817.3049537037|180.0|21.6867|2.2692|41.8725|1.4995
439|2019-11-29|19:22:23|S5_0716+71-20191129@192222-R_Astrodon_2018_calib.fits|S5_0716+71|07 21 53.40|+71 20 36.0|110.4725|71.3433|1020.6947|1020.4194|R_Astrodon_2018|2458817.307210648|180.0|21.6874|2.2944|41.8224|1.5010
440|2019-11-30|19:33:59|3C273-20191130@193352-R_Astrodon_2018_calib.fits|3C273|12 29 06.70|+02 03 09.0|187.2779|2.0525|1034.0492|1035.4786|R_Astrodon_2018|2458818.3152662036|180.0|21.2038|2.7871|25.0208|2.3147
441|2019-11-30|11:16:01|3C371-20191130@111556-R_Astrodon_2018_calib.fits|3C371|18 06 50.70|+69 49 28.0|271.7112|69.8244|1032.7514|995.3150|R_Astrodon_2018|2458817.9694560184|180.0|21.4171|2.7856|22.9052|2.5592
442|2019-11-30|11:19:16|3C371-20191130@111916-R_Astrodon_2018_calib.fits|3C371|18 06 50.70|+69 49 28.0|271.7112|69.8244|1033.1451|996.1772|R_Astrodon_2018|2458817.971712963|180.0|21.4052|2.6529|22.6259|2.5892
443|2019-11-30|17:45:01|3C66A-20191130@174455-R_Astrodon_2018_calib.fits|3C66A|02 22 39.60|+43 02 08.0|35.6650|43.0356|1022.0141|1025.8581|R_Astrodon_2018|2458818.2395949075|180.0|21.7335|3.0431|36.8094|1.6789
444|2019-11-30|17:48:17|3C66A-20191130@174816-R_Astrodon_2018_calib.fits|3C66A|02 22 39.60|+43 02 08.0|35.6650|43.0356|1022.1492|1028.1540|R_Astrodon_2018|2458818.241863426|180.0|21.7368|3.1121|36.2109|1.7030
445|2019-11-30|19:16:34|4C29-45-20191130@191629-R_Astrodon_2018_calib.fits|4C29-45|11 59 31.80|+29 14 44.0|179.8825|29.2456|1035.3876|1043.4456|R_Astrodon_2018|2458818.303171296|180.0|21.5033|3.0937|36.0681|1.6771
446|2019-11-30|19:19:49|4C29-45-20191130@191948-R_Astrodon_2018_calib.fits|4C29-45|11 59 31.80|+29 14 44.0|179.8825|29.2456|1034.5070|1041.9129|R_Astrodon_2018|2458818.305428241|180.0|21.4606|2.8894|36.7705|1.6500
447|2019-11-30|18:53:57|4C71-07-20191130@185352-R_Astrodon_2018_calib.fits|4C71-07|08 41 24.30|+70 53 42.0|130.3512|70.8950|1023.1216|1028.8974|R_Astrodon_2018|2458818.2874652776|180.0|21.7563|2.8748|41.6037|1.5064
448|2019-11-30|18:57:13|4C71-07-20191130@185713-R_Astrodon_2018_calib.fits|4C71-07|08 41 24.30|+70 53 42.0|130.3512|70.8950|1024.0811|1030.5147|R_Astrodon_2018|2458818.2897337964|180.0|21.7679|2.6469|41.6957|1.5037
449|2019-11-30|17:52:38|AO0235+16-20191130@175233-R_Astrodon_2018_calib.fits|AO0235+16|02 38 38.90|+16 36 59.0|39.6621|16.6164|988.6236|1025.2336|R_Astrodon_2018|2458818.244884259|180.0|21.8209|2.8642|34.8006|1.7673
450|2019-11-30|17:55:54|AO0235+16-20191130@175553-R_Astrodon_2018_calib.fits|AO0235+16|02 38 38.90|+16 36 59.0|39.6621|16.6164|989.6687|1027.2031|R_Astrodon_2018|2458818.247152778|180.0|21.8127|2.7938|34.0518|1.8016
451|2019-11-30|19:09:08|Mkn421-20191130@190903-R_Astrodon_2018_calib.fits|Mkn421|11 04 27.30|+38 12 32.0|166.1137|38.2089|1020.5982|1022.4687|R_Astrodon_2018|2458818.298009259|180.0|21.4593|3.6235|46.3092|1.3722
452|2019-11-30|19:12:23|Mkn421-20191130@191222-R_Astrodon_2018_calib.fits|Mkn421|11 04 27.30|+38 12 32.0|166.1137|38.2089|1019.6502|1021.7196|R_Astrodon_2018|2458818.3002662035|180.0|21.4493|3.3049|46.9465|1.3581
453|2019-11-30|18:09:13|OJ248-20191130@180907-R_Astrodon_2018_calib.fits|OJ248|08 30 52.10|+24 11 00.0|127.7171|24.1833|1024.5911|1025.6009|R_Astrodon_2018|2458818.256400463|180.0|21.2653|3.4936|66.9561|1.0830
454|2019-11-30|18:12:41|OJ248-20191130@181241-R_Astrodon_2018_calib.fits|OJ248|08 30 52.10|+24 11 00.0|127.7171|24.1833|1024.1146|1026.4265|R_Astrodon_2018|2458818.2588078706|180.0|21.2591|3.5239|67.7475|1.0769
455|2019-11-30|18:16:17|OJ287-20191130@181617-R_Astrodon_2018_calib.fits|OJ287|08 54 48.90|+20 06 31.0|133.7037|20.1086|1029.1040|1022.8657|R_Astrodon_2018|2458818.2613078705|180.0|21.7789|3.1632|62.5165|1.1224
456|2019-11-30|18:19:32|OJ287-20191130@181931-R_Astrodon_2018_calib.fits|OJ287|08 54 48.90|+20 06 31.0|133.7037|20.1086|1028.0864|1022.9113|R_Astrodon_2018|2458818.263564815|180.0|21.7774|3.2081|63.2636|1.1151
457|2019-11-30|18:23:47|OJ49-20191130@182340-R_Astrodon_2018_calib.fits|OJ49|08 31 48.90|+04 29 39.0|127.9537|4.4942|1041.7424|1026.7739|R_Astrodon_2018|2458818.2665162035|180.0|21.2628|3.1474|61.6762|1.1322
458|2019-11-30|18:27:01|OJ49-20191130@182701-R_Astrodon_2018_calib.fits|OJ49|08 31 48.90|+04 29 39.0|127.9537|4.4942|1041.0487|1028.4142|R_Astrodon_2018|2458818.2687615743|180.0|21.2541|3.2299|62.2514|1.1259
459|2019-11-30|19:23:23|ON231-20191130@192322-R_Astrodon_2018_calib.fits|ON231|12 21 31.70|+28 13 59.0|185.3821|28.2331|1022.8806|1033.3885|R_Astrodon_2018|2458818.3079050924|180.0|21.3746|2.8097|32.6186|1.8282
460|2019-11-30|19:29:37|ON231-20191130@192932-R_Astrodon_2018_calib.fits|ON231|12 21 31.70|+28 13 59.0|185.3821|28.2331|1018.6220|1025.8650|R_Astrodon_2018|2458818.3122337963|180.0|21.4049|2.6917|33.9707|1.7647
461|2019-11-30|18:01:44|PKS0735+17-20191130@180139-R_Astrodon_2018_calib.fits|PKS0735+17|07 38 07.40|+17 42 19.0|114.5308|17.7053|1021.7378|1026.2729|R_Astrodon_2018|2458818.2512037037|180.0|21.6851|3.4347|75.7772|1.0298
462|2019-11-30|18:04:59|PKS0735+17-20191130@180459-R_Astrodon_2018_calib.fits|PKS0735+17|07 38 07.40|+17 42 19.0|114.5308|17.7053|1021.1827|1029.2199|R_Astrodon_2018|2458818.253460648|180.0|21.6874|3.3882|76.4699|1.0268
463|2019-11-30|19:00:58|S4_0954+65-20191130@190057-R_Astrodon_2018_calib.fits|S4_0954+65|09 58 47.20|+65 33 55.0|149.6967|65.5653|176.5378|1098.9562|R_Astrodon_2018|2458818.292337963|180.0|21.2235|2.6541|42.5576|1.4714
464|2019-11-30|19:04:30|S4_0954+65-20191130@190430-R_Astrodon_2018_calib.fits|S4_0954+65|09 58 47.20|+65 33 55.0|149.6967|65.5653|1021.6812|1028.1411|R_Astrodon_2018|2458818.294791667|180.0|21.1955|2.5812|42.8118|1.4683
465|2019-11-30|18:32:20|S5_0716+71-20191130@183214-R_Astrodon_2018_calib.fits|S5_0716+71|07 21 53.40|+71 20 36.0|110.4725|71.3433|920.8544|1156.8157|R_Astrodon_2018|2458818.272453704|180.0|21.7061|2.7679|42.1090|1.4880
466|2019-11-30|18:48:06|S5_0716+71-20191130@184800-R_Astrodon_2018_calib.fits|S5_0716+71|07 21 53.40|+71 20 36.0|110.4725|71.3433|1020.1937|1021.7039|R_Astrodon_2018|2458818.2834027777|180.0|21.7239|3.1104|42.1143|1.4919
