ID|DateObs|TimeObs|Filename|Object|RA_hhmmss|DEC_ddmmss|RA_deg|DEC_deg|RA_pix|Dec_pix|FilterName|JD|ExpTime_sec|Zmag|FWHM|Altitude|Airmass
1|2018-11-02|19:59:55|3C66A-20181102@195952-R_Astrodon_2018_calib.fits|3C66A|02 22 39.60|+43 02 08.0|35.6650|43.0356|1094.0955|1109.5336|R_Astrodon_2018|2458425.333275463|180.0|21.6680|2.4067|32.0912|1.8940
2|2018-11-02|20:03:14|3C66A-20181102@200313-R_Astrodon_2018_calib.fits|3C66A|02 22 39.60|+43 02 08.0|35.6650|43.0356|1093.9070|1110.8192|R_Astrodon_2018|2458425.335578704|180.0|21.6750|2.3250|31.4847|1.9269
3|2018-11-02|20:54:38|4C71-07-20181102@205435-R_Astrodon_2018_calib.fits|4C71-07|08 41 24.30|+70 53 42.0|130.3512|70.8950|945.7612|1143.7460|R_Astrodon_2018|2458425.3712731483|180.0|21.6923|2.3109|41.9088|1.4921
4|2018-11-02|20:57:58|4C71-07-20181102@205757-R_Astrodon_2018_calib.fits|4C71-07|08 41 24.30|+70 53 42.0|130.3512|70.8950|946.7309|1145.3365|R_Astrodon_2018|2458425.373587963|180.0|21.6915|2.2975|41.9865|1.4899
5|2018-11-02|20:07:25|AO0235+16-20181102@200721-R_Astrodon_2018_calib.fits|AO0235+16|02 38 38.90|+16 36 59.0|39.6621|16.6164|993.8230|998.2388|R_Astrodon_2018|2458425.3384837965|180.0|21.7406|2.3697|28.9319|2.0890
6|2018-11-02|20:10:43|AO0235+16-20181102@201043-R_Astrodon_2018_calib.fits|AO0235+16|02 38 38.90|+16 36 59.0|39.6621|16.6164|994.8825|999.5008|R_Astrodon_2018|2458425.340775463|180.0|21.7218|2.4744|28.1785|2.1410
7|2018-11-02|21:09:09|Mkn421-20181102@210906-R_Astrodon_2018_calib.fits|Mkn421|11 04 27.30|+38 12 32.0|166.1137|38.2089|1012.5571|1043.8276|R_Astrodon_2018|2458425.3813541667|180.0|21.4131|3.5162|48.4395|1.3265
8|2018-11-02|21:12:27|Mkn421-20181102@211226-R_Astrodon_2018_calib.fits|Mkn421|11 04 27.30|+38 12 32.0|166.1137|38.2089|1012.0309|1043.1555|R_Astrodon_2018|2458425.3836458335|180.0|21.4168|2.7513|49.0841|1.3136
9|2018-11-02|20:32:15|OJ248-20181102@203212-R_Astrodon_2018_calib.fits|OJ248|08 30 52.10|+24 11 00.0|127.7171|24.1833|1021.0481|1011.3870|R_Astrodon_2018|2458425.355729167|180.0|21.2706|2.1424|74.7011|1.0344
10|2018-11-02|20:35:33|OJ248-20181102@203532-R_Astrodon_2018_calib.fits|OJ248|08 30 52.10|+24 11 00.0|127.7171|24.1833|1020.3861|1012.7670|R_Astrodon_2018|2458425.358020833|180.0|21.2684|2.1741|75.4557|1.0309
11|2018-11-02|20:39:08|OJ287-20181102@203907-R_Astrodon_2018_calib.fits|OJ287|08 54 48.90|+20 06 31.0|133.7037|20.1086|1029.6407|1015.9216|R_Astrodon_2018|2458425.360509259|180.0|21.7605|2.1050|70.2530|1.0594
12|2018-11-02|20:42:25|OJ287-20181102@204224-R_Astrodon_2018_calib.fits|OJ287|08 54 48.90|+20 06 31.0|133.7037|20.1086|1028.7986|1016.7644|R_Astrodon_2018|2458425.362789352|180.0|21.7543|2.0815|71.0038|1.0546
13|2018-11-02|20:46:27|OJ49-20181102@204624-R_Astrodon_2018_calib.fits|OJ49|08 31 48.90|+04 29 39.0|127.9537|4.4942|1042.5850|1027.7408|R_Astrodon_2018|2458425.3655902776|180.0|21.2259|2.3012|67.0426|1.0839
14|2018-11-02|20:49:45|OJ49-20181102@204944-R_Astrodon_2018_calib.fits|OJ49|08 31 48.90|+04 29 39.0|127.9537|4.4942|1041.1339|1030.2096|R_Astrodon_2018|2458425.3678819444|180.0|21.2326|2.2223|67.4822|1.0806
15|2018-11-02|20:24:55|PKS0735+17-20181102@202452-R_Astrodon_2018_calib.fits|PKS0735+17|07 38 07.40|+17 42 19.0|114.5308|17.7053|1019.2228|1024.5330|R_Astrodon_2018|2458425.350636574|180.0|21.6594|2.6137|82.3557|1.0083
16|2018-11-02|20:28:14|PKS0735+17-20181102@202814-R_Astrodon_2018_calib.fits|PKS0735+17|07 38 07.40|+17 42 19.0|114.5308|17.7053|1017.5020|1027.4080|R_Astrodon_2018|2458425.352939815|180.0|21.6395|2.5957|82.8426|1.0073
17|2018-11-02|21:01:41|S4_0954+65-20181102@210141-R_Astrodon_2018_calib.fits|S4_0954+65|09 58 47.20|+65 33 55.0|149.6967|65.5653|968.0658|1110.8283|R_Astrodon_2018|2458425.3761689817|180.0|21.1708|2.2677|43.3720|1.4493
18|2018-11-02|21:04:58|S4_0954+65-20181102@210458-R_Astrodon_2018_calib.fits|S4_0954+65|09 58 47.20|+65 33 55.0|149.6967|65.5653|967.2397|1111.3660|R_Astrodon_2018|2458425.378449074|180.0|21.1462|2.2857|43.5931|1.4435
19|2018-11-02|20:16:24|S5_0716+71-20181102@201621-R_Astrodon_2018_calib.fits|S5_0716+71|07 21 53.40|+71 20 36.0|110.4725|71.3433|1024.0183|1027.5381|R_Astrodon_2018|2458425.344722222|180.0|21.6497|2.7307|42.0843|1.4953
20|2018-11-02|20:19:43|S5_0716+71-20181102@201942-R_Astrodon_2018_calib.fits|S5_0716+71|07 21 53.40|+71 20 36.0|110.4725|71.3433|1024.4784|1030.1094|R_Astrodon_2018|2458425.347025463|180.0|21.6439|2.4495|42.1017|1.4948
21|2018-11-03|17:46:57|3C66A-20181103@174654-R_Astrodon_2018_calib.fits|3C66A|02 22 39.60|+43 02 08.0|35.6650|43.0356|1101.1828|1014.6209|R_Astrodon_2018|2458426.2409375|180.0|21.7590|2.1251|55.2631|1.2214
22|2018-11-03|17:50:17|3C66A-20181103@175016-R_Astrodon_2018_calib.fits|3C66A|02 22 39.60|+43 02 08.0|35.6650|43.0356|1100.8585|1015.3522|R_Astrodon_2018|2458426.2432523146|180.0|21.7580|2.1385|54.6989|1.2300
23|2018-11-03|19:08:18|4C71-07-20181103@190815-R_Astrodon_2018_calib.fits|4C71-07|08 41 24.30|+70 53 42.0|130.3512|70.8950|951.0192|1127.2332|R_Astrodon_2018|2458426.2974305553|180.0|21.7407|2.3655|37.4649|1.6362
24|2018-11-03|19:11:37|4C71-07-20181103@191137-R_Astrodon_2018_calib.fits|4C71-07|08 41 24.30|+70 53 42.0|130.3512|70.8950|951.8179|1128.1226|R_Astrodon_2018|2458426.299733796|180.0|21.7351|2.3952|37.6630|1.6289
25|2018-11-03|17:54:26|AO0235+16-20181103@175423-R_Astrodon_2018_calib.fits|AO0235+16|02 38 38.90|+16 36 59.0|39.6621|16.6164|981.0285|1023.8793|R_Astrodon_2018|2458426.2461342593|180.0|21.8659|2.1466|58.5428|1.1774
26|2018-11-03|18:21:51|AO0235+16-20181103@182147-R_Astrodon_2018_calib.fits|AO0235+16|02 38 38.90|+16 36 59.0|39.6621|16.6164|1009.8221|808.4489|R_Astrodon_2018|2458426.265173611|180.0|21.8575|2.2973|52.2600|1.2722
27|2018-11-03|18:25:09|AO0235+16-20181103@182508-R_Astrodon_2018_calib.fits|AO0235+16|02 38 38.90|+16 36 59.0|39.6621|16.6164|1010.2446|810.3787|R_Astrodon_2018|2458426.2674652776|180.0|21.8614|2.0727|51.5021|1.2857
28|2018-11-03|18:14:12|ES2344+514-20181103@181409-R_Astrodon_2018_calib.fits|ES2344+514|23 47 04.00|+51 42 18.0|356.7667|51.7050|1023.0872|1023.6257|R_Astrodon_2018|2458426.259861111|180.0|21.7285|2.7794|23.9080|2.4841
29|2018-11-03|18:17:31|ES2344+514-20181103@181731-R_Astrodon_2018_calib.fits|ES2344+514|23 47 04.00|+51 42 18.0|356.7667|51.7050|1024.0509|1023.8038|R_Astrodon_2018|2458426.262164352|180.0|21.7196|2.9686|23.3983|2.5355
30|2018-11-03|19:22:50|Mkn421-20181103@192247-R_Astrodon_2018_calib.fits|Mkn421|11 04 27.30|+38 12 32.0|166.1137|38.2089|1014.6097|1105.8224|R_Astrodon_2018|2458426.307523148|180.0|21.4039|3.3959|28.3390|2.0712
31|2018-11-03|18:46:13|OJ248-20181103@184609-R_Astrodon_2018_calib.fits|OJ248|08 30 52.10|+24 11 00.0|127.7171|24.1833|1022.4459|1042.5148|R_Astrodon_2018|2458426.2820949075|180.0|21.2847|2.6397|51.4388|1.2700
32|2018-11-03|18:49:31|OJ248-20181103@184930-R_Astrodon_2018_calib.fits|OJ248|08 30 52.10|+24 11 00.0|127.7171|24.1833|1022.0798|1041.6489|R_Astrodon_2018|2458426.2843865743|180.0|21.2884|2.3409|52.1865|1.2572
33|2018-11-03|18:53:06|OJ287-20181103@185306-R_Astrodon_2018_calib.fits|OJ287|08 54 48.90|+20 06 31.0|133.7037|20.1086|1027.1925|1027.9220|R_Astrodon_2018|2458426.286875|180.0|21.7770|2.3192|46.8071|1.3602
34|2018-11-03|18:56:24|OJ287-20181103@185623-R_Astrodon_2018_calib.fits|OJ287|08 54 48.90|+20 06 31.0|133.7037|20.1086|1026.8566|1026.6186|R_Astrodon_2018|2458426.2891666666|180.0|21.7807|2.6009|47.5633|1.3439
35|2018-11-03|19:00:29|OJ49-20181103@190026-R_Astrodon_2018_calib.fits|OJ49|08 31 48.90|+04 29 39.0|127.9537|4.4942|1037.4004|1015.8765|R_Astrodon_2018|2458426.2920023147|180.0|21.2749|2.2059|47.9158|1.3372
36|2018-11-03|19:03:47|OJ49-20181103@190347-R_Astrodon_2018_calib.fits|OJ49|08 31 48.90|+04 29 39.0|127.9537|4.4942|1036.5805|1015.0902|R_Astrodon_2018|2458426.2942939815|180.0|21.2654|2.2350|48.6242|1.3228
37|2018-11-03|18:03:27|PKS0735+17-20181103@180324-R_Astrodon_2018_calib.fits|PKS0735+17|07 38 07.40|+17 42 19.0|114.5308|17.7053|1021.0281|1021.8286|R_Astrodon_2018|2458426.2523958334|180.0|21.6840|2.5241|52.3744|1.2541
38|2018-11-03|18:38:53|PKS0735+17-20181103@183850-R_Astrodon_2018_calib.fits|PKS0735+17|07 38 07.40|+17 42 19.0|114.5308|17.7053|1019.9887|1023.2465|R_Astrodon_2018|2458426.277002315|180.0|21.6974|2.1223|60.5078|1.1434
39|2018-11-03|18:42:11|PKS0735+17-20181103@184211-R_Astrodon_2018_calib.fits|PKS0735+17|07 38 07.40|+17 42 19.0|114.5308|17.7053|1019.0194|1023.6135|R_Astrodon_2018|2458426.2792939814|180.0|21.7004|2.1536|61.2629|1.1351
40|2018-11-03|19:15:23|S4_0954+65-20181103@191522-R_Astrodon_2018_calib.fits|S4_0954+65|09 58 47.20|+65 33 55.0|149.6967|65.5653|982.0751|1115.1355|R_Astrodon_2018|2458426.302349537|180.0|21.1508|2.7967|34.7049|1.7435
41|2018-11-03|19:18:41|S4_0954+65-20181103@191840-R_Astrodon_2018_calib.fits|S4_0954+65|09 58 47.20|+65 33 55.0|149.6967|65.5653|981.7913|1115.4320|R_Astrodon_2018|2458426.3046412035|180.0|21.1392|2.8190|35.0242|1.7297
42|2018-11-03|18:30:35|S5_0716+71-20181103@183032-R_Astrodon_2018_calib.fits|S5_0716+71|07 21 53.40|+71 20 36.0|110.4725|71.3433|1022.4077|1027.8917|R_Astrodon_2018|2458426.2712384257|180.0|21.6939|2.8927|39.3458|1.5785
43|2018-11-03|18:33:53|S5_0716+71-20181103@183352-R_Astrodon_2018_calib.fits|S5_0716+71|07 21 53.40|+71 20 36.0|110.4725|71.3433|1023.6842|1029.4961|R_Astrodon_2018|2458426.2735300926|180.0|21.6930|2.5350|39.4961|1.5735
44|2018-11-04|13:29:45|3C371-20181104@132941-R_Astrodon_2018_calib.fits|3C371|18 06 50.70|+69 49 28.0|271.7112|69.8244|1609.6220|1194.7434|R_Astrodon_2018|2458427.062326389|180.0|21.3788|3.4050|20.1408|2.9182
45|2018-11-04|13:49:44|3C454-3-20181104@134944-R_Astrodon_2018_calib.fits|3C454-3|22 53 57.70|+16 08 54.0|343.4904|16.1483|1026.6679|1011.9195|R_Astrodon_2018|2458427.076203704|180.0|20.9775|2.3653|62.1910|1.1350
46|2018-11-04|13:53:02|3C454-3-20181104@135301-R_Astrodon_2018_calib.fits|3C454-3|22 53 57.70|+16 08 54.0|343.4904|16.1483|1026.8146|1013.3458|R_Astrodon_2018|2458427.07849537|180.0|20.9662|2.1161|61.4430|1.1432
47|2018-11-04|14:54:08|3C454-3-20181104@145407-R_Astrodon_2018_calib.fits|3C454-3|22 53 57.70|+16 08 54.0|343.4904|16.1483|1032.3660|1004.3344|R_Astrodon_2018|2458427.120925926|180.0|19.9285|2.4644|47.4600|1.3662
48|2018-11-04|14:57:25|3C454-3-20181104@145724-R_Astrodon_2018_calib.fits|3C454-3|22 53 57.70|+16 08 54.0|343.4904|16.1483|1032.5200|1006.5996|R_Astrodon_2018|2458427.1232060185|180.0|19.8960|2.2891|46.7052|1.3834
49|2018-11-04|15:29:51|3C66A-20181104@152948-R_Astrodon_2018_calib.fits|3C66A|02 22 39.60|+43 02 08.0|35.6650|43.0356|1019.7145|1023.3981|R_Astrodon_2018|2458427.1457291665|180.0|20.8992|2.0718|70.3938|1.0621
50|2018-11-04|15:33:10|3C66A-20181104@153309-R_Astrodon_2018_calib.fits|3C66A|02 22 39.60|+43 02 08.0|35.6650|43.0356|1018.9377|1022.0637|R_Astrodon_2018|2458427.1480324073|180.0|20.5361|2.1734|70.3383|1.0626
51|2018-11-04|18:57:04|4C71-07-20181104@185700-R_Astrodon_2018_calib.fits|4C71-07|08 41 24.30|+70 53 42.0|130.3512|70.8950|1005.6165|1131.2363|R_Astrodon_2018|2458427.28962963|180.0|21.7384|2.3091|37.0182|1.6528
52|2018-11-04|19:00:23|4C71-07-20181104@190023-R_Astrodon_2018_calib.fits|4C71-07|08 41 24.30|+70 53 42.0|130.3512|70.8950|1005.5904|1131.1445|R_Astrodon_2018|2458427.29193287|180.0|21.7434|2.3248|37.2228|1.6451
53|2018-11-04|14:13:34|AO0235+16-20181104@141331-R_Astrodon_2018_calib.fits|AO0235+16|02 38 38.90|+16 36 59.0|39.6621|16.6164|1023.3709|1025.2041|R_Astrodon_2018|2458427.0927546294|180.0|21.8266|2.1143|68.5947|1.0704
54|2018-11-04|14:16:52|AO0235+16-20181104@141651-R_Astrodon_2018_calib.fits|AO0235+16|02 38 38.90|+16 36 59.0|39.6621|16.6164|1023.5644|1025.8998|R_Astrodon_2018|2458427.0950462963|180.0|21.9037|1.9690|69.3273|1.0652
55|2018-11-04|15:46:09|AO0235+16-20181104@154606-R_Astrodon_2018_calib.fits|AO0235+16|02 38 38.90|+16 36 59.0|39.6621|16.6164|-406.5511|1055.5843|R_Astrodon_2018|2458427.157048611|180.0|21.7574|2.1413|82.9872|1.0076
56|2018-11-04|15:49:48|AO0235+16-20181104@154948-R_Astrodon_2018_calib.fits|AO0235+16|02 38 38.90|+16 36 59.0|39.6621|16.6164|1023.6741|1022.9293|R_Astrodon_2018|2458427.1595833334|180.0|21.6342|2.1458|82.7557|1.0089
57|2018-11-04|13:42:50|CTA102-20181104@134247-R_Astrodon_2018_calib.fits|CTA102|22 32 36.40|+11 43 51.0|338.1517|11.7308|1081.4392|868.3873|R_Astrodon_2018|2458427.071412037|180.0|21.3340|2.2313|57.2527|1.1949
58|2018-11-04|13:46:09|CTA102-20181104@134608-R_Astrodon_2018_calib.fits|CTA102|22 32 36.40|+11 43 51.0|338.1517|11.7308|1081.4448|869.8325|R_Astrodon_2018|2458427.073715278|180.0|21.3267|2.0900|56.5163|1.2052
59|2018-11-04|14:47:15|CTA102-20181104@144712-R_Astrodon_2018_calib.fits|CTA102|22 32 36.40|+11 43 51.0|338.1517|11.7308|1022.8380|1024.8183|R_Astrodon_2018|2458427.1161458334|180.0|20.7749|2.3123|42.6890|1.4860
60|2018-11-04|14:50:33|CTA102-20181104@145032-R_Astrodon_2018_calib.fits|CTA102|22 32 36.40|+11 43 51.0|338.1517|11.7308|1023.7493|1026.5790|R_Astrodon_2018|2458427.1184375|180.0|20.9929|2.4433|41.9337|1.5081
61|2018-11-04|14:04:41|ES2344+514-20181104@140438-R_Astrodon_2018_calib.fits|ES2344+514|23 47 04.00|+51 42 18.0|356.7667|51.7050|1024.8723|997.2392|R_Astrodon_2018|2458427.0865856484|180.0|21.8214|2.2373|58.1981|1.1798
62|2018-11-04|14:08:00|ES2344+514-20181104@140759-R_Astrodon_2018_calib.fits|ES2344+514|23 47 04.00|+51 42 18.0|356.7667|51.7050|1023.9749|997.6490|R_Astrodon_2018|2458427.0888888887|180.0|21.8148|2.2187|57.9005|1.1837
63|2018-11-04|15:09:01|ES2344+514-20181104@150858-R_Astrodon_2018_calib.fits|ES2344+514|23 47 04.00|+51 42 18.0|356.7667|51.7050|1041.3747|970.2384|R_Astrodon_2018|2458427.131261574|180.0|20.6148|2.4043|51.0045|1.2921
64|2018-11-04|15:12:21|ES2344+514-20181104@151220-R_Astrodon_2018_calib.fits|ES2344+514|23 47 04.00|+51 42 18.0|356.7667|51.7050|1040.5991|971.3717|R_Astrodon_2018|2458427.133576389|180.0|21.2683|2.2012|50.5672|1.3003
65|2018-11-04|13:57:13|L-Lacertae-20181104@135709-R_Astrodon_2018_calib.fits|L-Lacertae|22 02 43.30|+42 16 40.0|330.6804|42.2778|1058.7527|1042.3674|R_Astrodon_2018|2458427.081400463|180.0|21.5818|2.3515|49.6530|1.3196
66|2018-11-04|14:00:32|L-Lacertae-20181104@140031-R_Astrodon_2018_calib.fits|L-Lacertae|22 02 43.30|+42 16 40.0|330.6804|42.2778|1058.2064|1044.1963|R_Astrodon_2018|2458427.0837037037|180.0|21.5853|2.3357|49.0548|1.3317
67|2018-11-04|15:01:34|L-Lacertae-20181104@150131-R_Astrodon_2018_calib.fits|L-Lacertae|22 02 43.30|+42 16 40.0|330.6804|42.2778|1058.8492|1056.2856|R_Astrodon_2018|2458427.126087963|180.0|20.0806|2.3648|37.8388|1.6428
68|2018-11-04|15:04:52|L-Lacertae-20181104@150451-R_Astrodon_2018_calib.fits|L-Lacertae|22 02 43.30|+42 16 40.0|330.6804|42.2778|1058.2689|1058.3063|R_Astrodon_2018|2458427.1283796295|180.0|20.2953|2.5332|37.2268|1.6662
69|2018-11-04|19:11:36|Mkn421-20181104@191133-R_Astrodon_2018_calib.fits|Mkn421|11 04 27.30|+38 12 32.0|166.1137|38.2089|1063.8666|1113.3452|R_Astrodon_2018|2458427.299722222|180.0|21.4032|3.3193|26.9194|2.1688
70|2018-11-04|13:35:10|PKS2155-304-20181104@133507-R_Astrodon_2018_calib.fits|PKS2155-304|21 58 52.00|-30 13 32.0|329.7167|-30.2256|1024.5979|1020.2243|R_Astrodon_2018|2458427.066087963|180.0|20.6382|3.1174|24.7130|2.3985
71|2018-11-04|13:38:29|PKS2155-304-20181104@133828-R_Astrodon_2018_calib.fits|PKS2155-304|21 58 52.00|-30 13 32.0|329.7167|-30.2256|1025.9448|1018.7187|R_Astrodon_2018|2458427.068391204|180.0|20.7893|3.0369|24.2562|2.4413
72|2018-11-04|19:04:08|S4_0954+65-20181104@190407-R_Astrodon_2018_calib.fits|S4_0954+65|09 58 47.20|+65 33 55.0|149.6967|65.5653|1034.2769|1120.3508|R_Astrodon_2018|2458427.294537037|180.0|21.2150|2.4906|33.9907|1.7752
73|2018-11-04|19:07:25|S4_0954+65-20181104@190724-R_Astrodon_2018_calib.fits|S4_0954+65|09 58 47.20|+65 33 55.0|149.6967|65.5653|1033.1747|1120.1589|R_Astrodon_2018|2458427.2968171295|180.0|21.2147|2.4114|34.3122|1.7606
74|2018-11-04|14:21:22|S5_0716+71-20181104@142118-R_Astrodon_2018_calib.fits|S5_0716+71|07 21 53.40|+71 20 36.0|110.4725|71.3433|1040.5971|1170.4321|R_Astrodon_2018|2458427.0981712965|180.0|21.0944|2.9582|22.0174|2.6411
75|2018-11-05|18:33:14|3C66A-20181105@183311-R_Astrodon_2018_calib.fits|3C66A|02 22 39.60|+43 02 08.0|35.6650|43.0356|1045.6548|862.9150|R_Astrodon_2018|2458428.273078704|180.0|21.7524|2.3824|45.7598|1.4037
76|2018-11-05|18:36:33|3C66A-20181105@183632-R_Astrodon_2018_calib.fits|3C66A|02 22 39.60|+43 02 08.0|35.6650|43.0356|1045.3810|864.9339|R_Astrodon_2018|2458428.2753819446|180.0|21.7447|2.5891|45.1611|1.4184
77|2018-11-05|18:40:46|AO0235+16-20181105@184040-R_Astrodon_2018_calib.fits|AO0235+16|02 38 38.90|+16 36 59.0|39.6621|16.6164|986.5832|1023.9027|R_Astrodon_2018|2458428.2783101853|180.0|21.8581|2.2431|46.1047|1.3968
78|2018-11-05|18:44:04|AO0235+16-20181105@184404-R_Astrodon_2018_calib.fits|AO0235+16|02 38 38.90|+16 36 59.0|39.6621|16.6164|987.0155|1025.6886|R_Astrodon_2018|2458428.2806018516|180.0|21.8715|2.2724|45.3459|1.4153
79|2018-11-05|18:25:37|ES2344+514-20181105@182537-R_Astrodon_2018_calib.fits|ES2344+514|23 47 04.00|+51 42 18.0|356.7667|51.7050|1016.3405|1035.3755|R_Astrodon_2018|2458428.2677893518|180.0|20.4250|2.4547|20.9581|2.8134
80|2018-11-05|18:28:56|ES2344+514-20181105@182856-R_Astrodon_2018_calib.fits|ES2344+514|23 47 04.00|+51 42 18.0|356.7667|51.7050|1017.7216|1034.5099|R_Astrodon_2018|2458428.2700925926|180.0|19.6169|2.4970|20.4541|2.8797
81|2018-11-05|18:49:38|S5_0716+71-20181105@184935-R_Astrodon_2018_calib.fits|S5_0716+71|07 21 53.40|+71 20 36.0|110.4725|71.3433|1024.0589|1027.8481|R_Astrodon_2018|2458428.2844675924|180.0|21.7006|2.4114|40.4607|1.5427
82|2018-11-06|13:21:23|3C371-20181106@132120-R_Astrodon_2018_calib.fits|3C371|18 06 50.70|+69 49 28.0|271.7112|69.8244|1023.8539|1023.1030|R_Astrodon_2018|2458429.0565162036|180.0|21.3278|3.4711|20.1831|2.9124
83|2018-11-06|13:24:41|3C371-20181106@132440-R_Astrodon_2018_calib.fits|3C371|18 06 50.70|+69 49 28.0|271.7112|69.8244|1025.3247|1022.6695|R_Astrodon_2018|2458429.0588078704|180.0|21.2913|4.0045|19.9059|2.9513
84|2018-11-06|13:44:26|3C454-3-20181106@134426-R_Astrodon_2018_calib.fits|3C454-3|22 53 57.70|+16 08 54.0|343.4904|16.1483|1026.4252|1011.7049|R_Astrodon_2018|2458429.0725231483|180.0|20.9744|2.2207|61.6100|1.1413
85|2018-11-06|13:47:44|3C454-3-20181106@134744-R_Astrodon_2018_calib.fits|3C454-3|22 53 57.70|+16 08 54.0|343.4904|16.1483|1026.2607|1012.6451|R_Astrodon_2018|2458429.0748148146|180.0|20.9620|2.2122|60.8611|1.1498
86|2018-11-06|20:20:40|3C66A-20181106@202037-R_Astrodon_2018_calib.fits|3C66A|02 22 39.60|+43 02 08.0|35.6650|43.0356|1022.4988|1025.0694|R_Astrodon_2018|2458429.3476851853|180.0|21.6881|2.9334|25.4500|2.3436
87|2018-11-06|20:23:59|3C66A-20181106@202358-R_Astrodon_2018_calib.fits|3C66A|02 22 39.60|+43 02 08.0|35.6650|43.0356|1023.2279|1025.2143|R_Astrodon_2018|2458429.349988426|180.0|21.6701|3.0221|24.8504|2.3969
88|2018-11-06|20:28:10|AO0235+16-20181106@202807-R_Astrodon_2018_calib.fits|AO0235+16|02 38 38.90|+16 36 59.0|39.6621|16.6164|1002.3797|1002.2168|R_Astrodon_2018|2458429.3528935183|180.0|21.6995|3.4876|20.6313|2.8743
89|2018-11-06|20:31:29|AO0235+16-20181106@203128-R_Astrodon_2018_calib.fits|AO0235+16|02 38 38.90|+16 36 59.0|39.6621|16.6164|1004.0632|1001.1871|R_Astrodon_2018|2458429.355196759|180.0|21.6717|3.4746|19.8800|2.9794
90|2018-11-06|13:37:32|CTA102-20181106@133729-R_Astrodon_2018_calib.fits|CTA102|22 32 36.40|+11 43 51.0|338.1517|11.7308|1082.0636|870.3280|R_Astrodon_2018|2458429.0677314815|180.0|21.3286|2.3198|56.6837|1.2028
91|2018-11-06|13:40:52|CTA102-20181106@134051-R_Astrodon_2018_calib.fits|CTA102|22 32 36.40|+11 43 51.0|338.1517|11.7308|1082.1297|871.8852|R_Astrodon_2018|2458429.0700462963|180.0|21.3181|2.0944|55.9419|1.2134
92|2018-11-06|13:59:27|ES2344+514-20181106@135924-R_Astrodon_2018_calib.fits|ES2344+514|23 47 04.00|+51 42 18.0|356.7667|51.7050|1026.4150|994.0698|R_Astrodon_2018|2458429.082951389|180.0|21.8069|2.2962|57.9629|1.1829
93|2018-11-06|14:02:46|ES2344+514-20181106@140246-R_Astrodon_2018_calib.fits|ES2344+514|23 47 04.00|+51 42 18.0|356.7667|51.7050|1025.8259|994.3918|R_Astrodon_2018|2458429.0852546296|180.0|21.8042|2.2791|57.6576|1.1869
94|2018-11-06|13:51:58|L-Lacertae-20181106@135152-R_Astrodon_2018_calib.fits|L-Lacertae|22 02 43.30|+42 16 40.0|330.6804|42.2778|1058.4770|1039.4114|R_Astrodon_2018|2458429.07775463|180.0|21.5781|2.6898|49.1817|1.3291
95|2018-11-06|13:55:17|L-Lacertae-20181106@135517-R_Astrodon_2018_calib.fits|L-Lacertae|22 02 43.30|+42 16 40.0|330.6804|42.2778|1057.9803|1040.9050|R_Astrodon_2018|2458429.0800578706|180.0|21.5761|2.4327|48.5821|1.3415
96|2018-11-06|21:03:15|OJ248-20181106@210312-R_Astrodon_2018_calib.fits|OJ248|08 30 52.10|+24 11 00.0|127.7171|24.1833|1022.4307|1025.0527|R_Astrodon_2018|2458429.3772569443|180.0|21.3335|2.7277|85.3691|1.0026
97|2018-11-06|21:06:34|OJ248-20181106@210634-R_Astrodon_2018_calib.fits|OJ248|08 30 52.10|+24 11 00.0|127.7171|24.1833|1022.0589|1027.8040|R_Astrodon_2018|2458429.379560185|180.0|21.3275|2.3948|86.1186|1.0018
98|2018-11-06|21:09:59|OJ287-20181106@210959-R_Astrodon_2018_calib.fits|OJ287|08 54 48.90|+20 06 31.0|133.7037|20.1086|1030.1032|1015.9073|R_Astrodon_2018|2458429.3819328705|180.0|21.7997|2.1676|80.7360|1.0120
99|2018-11-06|21:13:18|OJ287-20181106@211318-R_Astrodon_2018_calib.fits|OJ287|08 54 48.90|+20 06 31.0|133.7037|20.1086|1029.4920|1018.2567|R_Astrodon_2018|2458429.3842361113|180.0|21.7863|2.3125|81.4505|1.0102
100|2018-11-06|20:44:01|PKS0735+17-20181106@204356-R_Astrodon_2018_calib.fits|PKS0735+17|07 38 07.40|+17 42 19.0|114.5308|17.7053|1005.1539|863.9700|R_Astrodon_2018|2458429.363900463|180.0|21.7158|2.3603|83.4339|1.0072
101|2018-11-06|20:47:20|PKS0735+17-20181106@204719-R_Astrodon_2018_calib.fits|PKS0735+17|07 38 07.40|+17 42 19.0|114.5308|17.7053|1006.6893|862.9418|R_Astrodon_2018|2458429.366203704|180.0|21.7155|2.2011|83.0277|1.0082
102|2018-11-06|13:29:54|PKS2155-304-20181106@132951-R_Astrodon_2018_calib.fits|PKS2155-304|21 58 52.00|-30 13 32.0|329.7167|-30.2256|1024.6852|1023.0385|R_Astrodon_2018|2458429.0624305555|180.0|20.7499|3.0517|24.3559|2.4316
103|2018-11-06|13:33:12|PKS2155-304-20181106@133311-R_Astrodon_2018_calib.fits|PKS2155-304|21 58 52.00|-30 13 32.0|329.7167|-30.2256|1026.7908|1021.6333|R_Astrodon_2018|2458429.0647222223|180.0|20.6185|2.5890|23.8964|2.4762
104|2018-11-06|20:35:58|S5_0716+71-20181106@203555-R_Astrodon_2018_calib.fits|S5_0716+71|07 21 53.40|+71 20 36.0|110.4725|71.3433|1082.6315|1010.5870|R_Astrodon_2018|2458429.3583101854|180.0|21.7457|2.8386|42.0246|1.4908
105|2018-11-06|20:39:16|S5_0716+71-20181106@203916-R_Astrodon_2018_calib.fits|S5_0716+71|07 21 53.40|+71 20 36.0|110.4725|71.3433|1081.5210|1010.2535|R_Astrodon_2018|2458429.3606018517|180.0|21.7277|2.9772|41.9915|1.4918
106|2018-11-08|12:42:39|3C371-20181108@124236-R_Astrodon_2018_calib.fits|3C371|18 06 50.70|+69 49 28.0|271.7112|69.8244|1022.7822|1022.1060|R_Astrodon_2018|2458431.0296180556|180.0|21.4004|3.5180|22.8119|2.5934
107|2018-11-08|12:45:57|3C371-20181108@124557-R_Astrodon_2018_calib.fits|3C371|18 06 50.70|+69 49 28.0|271.7112|69.8244|1022.7893|1021.6957|R_Astrodon_2018|2458431.0319097224|180.0|21.3957|3.5564|22.5285|2.6244
108|2018-11-08|13:05:42|3C454-3-20181108@130541-R_Astrodon_2018_calib.fits|3C454-3|22 53 57.70|+16 08 54.0|343.4904|16.1483|1026.8561|1015.1646|R_Astrodon_2018|2458431.045625|180.0|20.9665|2.4541|68.5356|1.0776
109|2018-11-08|13:09:00|3C454-3-20181108@130859-R_Astrodon_2018_calib.fits|3C454-3|22 53 57.70|+16 08 54.0|343.4904|16.1483|1027.0403|1016.3838|R_Astrodon_2018|2458431.0479166666|180.0|20.9705|2.3475|67.8046|1.0833
110|2018-11-08|13:29:53|3C66A-20181108@132950-R_Astrodon_2018_calib.fits|3C66A|02 22 39.60|+43 02 08.0|35.6650|43.0356|1024.1031|1027.4334|R_Astrodon_2018|2458431.0624189815|180.0|21.7899|2.3291|61.7932|1.1319
111|2018-11-08|13:33:13|3C66A-20181108@133312-R_Astrodon_2018_calib.fits|3C66A|02 22 39.60|+43 02 08.0|35.6650|43.0356|1024.3052|1028.7007|R_Astrodon_2018|2458431.0647337963|180.0|21.7817|2.2328|62.2832|1.1269
112|2018-11-08|13:37:36|AO0235+16-20181108@133733-R_Astrodon_2018_calib.fits|AO0235+16|02 38 38.90|+16 36 59.0|39.6621|16.6164|1056.9180|1001.1610|R_Astrodon_2018|2458431.0677777776|180.0|21.8749|2.2534|64.0505|1.1072
113|2018-11-08|13:40:55|AO0235+16-20181108@134054-R_Astrodon_2018_calib.fits|AO0235+16|02 38 38.90|+16 36 59.0|39.6621|16.6164|1056.0868|1001.6488|R_Astrodon_2018|2458431.0700810184|180.0|21.8846|2.2121|64.8000|1.1005
114|2018-11-08|12:58:49|CTA102-20181108@125845-R_Astrodon_2018_calib.fits|CTA102|22 32 36.40|+11 43 51.0|338.1517|11.7308|1078.1992|866.6198|R_Astrodon_2018|2458431.0408449075|180.0|21.3214|2.3393|63.4203|1.1223
115|2018-11-08|13:02:06|CTA102-20181108@130206-R_Astrodon_2018_calib.fits|CTA102|22 32 36.40|+11 43 51.0|338.1517|11.7308|1078.4523|867.8327|R_Astrodon_2018|2458431.043125|180.0|21.3193|2.3293|62.7175|1.1296
116|2018-11-08|13:20:50|ES2344+514-20181108@132047-R_Astrodon_2018_calib.fits|ES2344+514|23 47 04.00|+51 42 18.0|356.7667|51.7050|1019.6293|1008.5179|R_Astrodon_2018|2458431.0561342593|180.0|21.8282|2.6078|60.2944|1.1535
117|2018-11-08|13:24:09|ES2344+514-20181108@132408-R_Astrodon_2018_calib.fits|ES2344+514|23 47 04.00|+51 42 18.0|356.7667|51.7050|1018.8571|1008.4801|R_Astrodon_2018|2458431.0584375|180.0|21.8110|2.3961|60.0900|1.1560
118|2018-11-08|13:13:22|L-Lacertae-20181108@131318-R_Astrodon_2018_calib.fits|L-Lacertae|22 02 43.30|+42 16 40.0|330.6804|42.2778|1064.3786|1033.6995|R_Astrodon_2018|2458431.050949074|180.0|21.5950|2.2965|54.6358|1.2322
119|2018-11-08|13:16:41|L-Lacertae-20181108@131640-R_Astrodon_2018_calib.fits|L-Lacertae|22 02 43.30|+42 16 40.0|330.6804|42.2778|1063.5808|1035.0046|R_Astrodon_2018|2458431.0532523147|180.0|21.5901|2.4721|54.0582|1.2413
120|2018-11-08|12:51:09|PKS2155-304-20181108@125106-R_Astrodon_2018_calib.fits|PKS2155-304|21 58 52.00|-30 13 32.0|329.7167|-30.2256|1023.4775|1021.5780|R_Astrodon_2018|2458431.0355208335|180.0|21.1215|2.9954|28.3282|2.1108
121|2018-11-08|12:54:28|PKS2155-304-20181108@125427-R_Astrodon_2018_calib.fits|PKS2155-304|21 58 52.00|-30 13 32.0|329.7167|-30.2256|1024.9993|1020.3666|R_Astrodon_2018|2458431.0378240743|180.0|21.0700|3.0248|27.9319|2.1387
122|2018-11-08|13:45:26|S5_0716+71-20181108@134522-R_Astrodon_2018_calib.fits|S5_0716+71|07 21 53.40|+71 20 36.0|110.4725|71.3433|1038.4807|1171.7160|R_Astrodon_2018|2458431.0732175927|180.0|21.5807|3.5200|20.4256|2.8335
123|2018-11-09|18:43:20|3C66A-20181109@184317-R_Astrodon_2018_calib.fits|3C66A|02 22 39.60|+43 02 08.0|35.6650|43.0356|1021.9746|1023.4132|R_Astrodon_2018|2458432.280092593|180.0|20.8259|2.6165|41.0714|1.5307
124|2018-11-09|18:46:39|3C66A-20181109@184639-R_Astrodon_2018_calib.fits|3C66A|02 22 39.60|+43 02 08.0|35.6650|43.0356|1021.7060|1025.2486|R_Astrodon_2018|2458432.282395833|180.0|20.0724|2.6527|40.4659|1.5498
125|2018-11-09|20:01:01|4C71-07-20181109@200058-R_Astrodon_2018_calib.fits|4C71-07|08 41 24.30|+70 53 42.0|130.3512|70.8950|953.9678|1143.4101|R_Astrodon_2018|2458432.334039352|180.0|21.7335|2.7469|41.1419|1.5144
126|2018-11-09|20:04:21|4C71-07-20181109@200420-R_Astrodon_2018_calib.fits|4C71-07|08 41 24.30|+70 53 42.0|130.3512|70.8950|954.8645|1145.1868|R_Astrodon_2018|2458432.3363541667|180.0|21.2897|2.5284|41.2551|1.5110
127|2018-11-09|19:16:47|AO0235+16-20181109@191644-R_Astrodon_2018_calib.fits|AO0235+16|02 38 38.90|+16 36 59.0|39.6621|16.6164|986.8381|1051.0864|R_Astrodon_2018|2458432.303321759|180.0|21.8139|2.8947|34.2198|1.7944
128|2018-11-09|19:38:29|OJ248-20181109@193825-R_Astrodon_2018_calib.fits|OJ248|08 30 52.10|+24 11 00.0|127.7171|24.1833|1022.0291|1019.5709|R_Astrodon_2018|2458432.318391204|180.0|20.7803|2.0240|68.7030|1.0698
129|2018-11-09|19:41:47|OJ248-20181109@194146-R_Astrodon_2018_calib.fits|OJ248|08 30 52.10|+24 11 00.0|127.7171|24.1833|1021.3184|1020.4535|R_Astrodon_2018|2458432.32068287|180.0|20.4125|2.0002|69.4568|1.0646
130|2018-11-09|19:45:24|OJ287-20181109@194523-R_Astrodon_2018_calib.fits|OJ287|08 54 48.90|+20 06 31.0|133.7037|20.1086|1028.8105|1019.7352|R_Astrodon_2018|2458432.3231944446|180.0|21.6263|2.1424|64.2405|1.1059
131|2018-11-09|19:48:41|OJ287-20181109@194840-R_Astrodon_2018_calib.fits|OJ287|08 54 48.90|+20 06 31.0|133.7037|20.1086|1028.5327|1020.2682|R_Astrodon_2018|2458432.325474537|180.0|21.7916|2.1565|64.9948|1.0991
132|2018-11-09|19:52:47|OJ49-20181109@195243-R_Astrodon_2018_calib.fits|OJ49|08 31 48.90|+04 29 39.0|127.9537|4.4942|1039.1948|1026.1381|R_Astrodon_2018|2458432.328321759|180.0|21.1784|2.2302|62.9747|1.1191
133|2018-11-09|19:56:05|OJ49-20181109@195604-R_Astrodon_2018_calib.fits|OJ49|08 31 48.90|+04 29 39.0|127.9537|4.4942|1037.9835|1027.5599|R_Astrodon_2018|2458432.330613426|180.0|21.1414|2.1996|63.5368|1.1137
134|2018-11-09|19:31:09|PKS0735+17-20181109@193106-R_Astrodon_2018_calib.fits|PKS0735+17|07 38 07.40|+17 42 19.0|114.5308|17.7053|1020.3097|1024.3340|R_Astrodon_2018|2458432.313298611|180.0|21.6312|2.2959|77.4266|1.0230
135|2018-11-09|19:34:28|PKS0735+17-20181109@193427-R_Astrodon_2018_calib.fits|PKS0735+17|07 38 07.40|+17 42 19.0|114.5308|17.7053|1018.8888|1026.3357|R_Astrodon_2018|2458432.315601852|180.0|21.5661|2.3479|78.1122|1.0204
136|2018-11-09|20:08:02|S4_0954+65-20181109@200801-R_Astrodon_2018_calib.fits|S4_0954+65|09 58 47.20|+65 33 55.0|149.6967|65.5653|975.9446|1114.2762|R_Astrodon_2018|2458432.338912037|180.0|21.1341|2.5216|41.4618|1.5023
137|2018-11-09|20:11:19|S4_0954+65-20181109@201119-R_Astrodon_2018_calib.fits|S4_0954+65|09 58 47.20|+65 33 55.0|149.6967|65.5653|975.0215|1114.5689|R_Astrodon_2018|2458432.3411921295|180.0|21.0952|2.4784|41.7158|1.4949
138|2018-11-09|19:22:24|S5_0716+71-20181109@192221-R_Astrodon_2018_calib.fits|S5_0716+71|07 21 53.40|+71 20 36.0|110.4725|71.3433|1024.0761|1026.9495|R_Astrodon_2018|2458432.3072222224|180.0|21.5016|2.8690|41.7762|1.5019
139|2018-11-09|19:25:42|S5_0716+71-20181109@192541-R_Astrodon_2018_calib.fits|S5_0716+71|07 21 53.40|+71 20 36.0|110.4725|71.3433|1025.2483|1029.2881|R_Astrodon_2018|2458432.309513889|180.0|21.6474|2.7966|41.8309|1.5003
140|2018-11-11|18:35:54|3C66A-20181111@183551-R_Astrodon_2018_calib.fits|3C66A|02 22 39.60|+43 02 08.0|35.6650|43.0356|1021.1178|1023.8591|R_Astrodon_2018|2458434.2749305554|180.0|20.7894|2.4106|40.9929|1.5331
141|2018-11-11|18:39:14|3C66A-20181111@183913-R_Astrodon_2018_calib.fits|3C66A|02 22 39.60|+43 02 08.0|35.6650|43.0356|1019.7360|1025.3318|R_Astrodon_2018|2458434.27724537|180.0|17.2919|2.6796|40.3843|1.5524
142|2018-11-11|20:49:32|4C71-07-20181111@204929-R_Astrodon_2018_calib.fits|4C71-07|08 41 24.30|+70 53 42.0|130.3512|70.8950|951.1618|1152.6458|R_Astrodon_2018|2458434.3677314813|180.0|19.4944|2.5024|42.4395|1.4775
143|2018-11-11|18:44:07|AO0235+16-20181111@184404-R_Astrodon_2018_calib.fits|AO0235+16|02 38 38.90|+16 36 59.0|39.6621|16.6164|986.3627|1024.3834|R_Astrodon_2018|2458434.280636574|180.0|21.8264|2.3341|39.9116|1.5708
144|2018-11-11|18:47:26|AO0235+16-20181111@184725-R_Astrodon_2018_calib.fits|AO0235+16|02 38 38.90|+16 36 59.0|39.6621|16.6164|986.3996|1026.0075|R_Astrodon_2018|2458434.282939815|180.0|21.8649|2.3512|39.1497|1.5967
145|2018-11-11|20:26:17|OJ248-20181111@202614-R_Astrodon_2018_calib.fits|OJ248|08 30 52.10|+24 11 00.0|127.7171|24.1833|1023.7119|1024.7641|R_Astrodon_2018|2458434.351585648|180.0|21.0928|2.3433|81.4271|1.0101
146|2018-11-11|20:29:36|OJ248-20181111@202935-R_Astrodon_2018_calib.fits|OJ248|08 30 52.10|+24 11 00.0|127.7171|24.1833|1023.4770|1027.1071|R_Astrodon_2018|2458434.353888889|180.0|20.8821|2.5193|82.1844|1.0083
147|2018-11-11|20:33:12|OJ287-20181111@203311-R_Astrodon_2018_calib.fits|OJ287|08 54 48.90|+20 06 31.0|133.7037|20.1086|1032.1274|1017.3273|R_Astrodon_2018|2458434.356388889|180.0|19.9011|2.8561|76.9446|1.0247
148|2018-11-11|20:36:29|OJ287-20181111@203629-R_Astrodon_2018_calib.fits|OJ287|08 54 48.90|+20 06 31.0|133.7037|20.1086|1031.9479|1018.2904|R_Astrodon_2018|2458434.3586689816|180.0|20.3460|2.7940|77.6807|1.0218
149|2018-11-11|20:40:32|OJ49-20181111@204029-R_Astrodon_2018_calib.fits|OJ49|08 31 48.90|+04 29 39.0|127.9537|4.4942|1044.9424|1040.3979|R_Astrodon_2018|2458434.3614814817|180.0|19.6836|2.8448|70.1603|1.0624
150|2018-11-11|20:43:50|OJ49-20181111@204350-R_Astrodon_2018_calib.fits|OJ49|08 31 48.90|+04 29 39.0|127.9537|4.4942|1043.2274|1043.1975|R_Astrodon_2018|2458434.363773148|180.0|18.6572|2.7432|70.3786|1.0610
151|2018-11-11|20:16:35|PKS0735+17-20181111@201632-R_Astrodon_2018_calib.fits|PKS0735+17|07 38 07.40|+17 42 19.0|114.5308|17.7053|963.2016|1008.5496|R_Astrodon_2018|2458434.344849537|180.0|21.6486|2.5257|84.0868|1.0056
152|2018-11-11|20:19:54|PKS0735+17-20181111@201953-R_Astrodon_2018_calib.fits|PKS0735+17|07 38 07.40|+17 42 19.0|114.5308|17.7053|963.6699|1006.7171|R_Astrodon_2018|2458434.347152778|180.0|21.4578|2.4983|83.8658|1.0061
153|2018-11-11|18:53:01|S5_0716+71-20181111@185258-R_Astrodon_2018_calib.fits|S5_0716+71|07 21 53.40|+71 20 36.0|110.4725|71.3433|1023.0633|1026.6804|R_Astrodon_2018|2458434.2868171297|180.0|21.7195|2.3861|41.3085|1.5154
154|2018-11-11|18:56:19|S5_0716+71-20181111@185619-R_Astrodon_2018_calib.fits|S5_0716+71|07 21 53.40|+71 20 36.0|110.4725|71.3433|1023.6879|1028.7617|R_Astrodon_2018|2458434.2891087965|180.0|21.6725|2.3483|41.3926|1.5129
155|2018-11-13|10:56:52|3C345-20181113@105652-R_Astrodon_2018_calib.fits|3C345|16 42 58.80|+39 48 37.0|250.7450|39.8103|1018.2323|1045.0494|R_Astrodon_2018|2458435.9561574073|180.0|20.7720|4.8574|17.0729|3.4572
156|2018-11-13|11:11:12|3C371-20181113@111109-R_Astrodon_2018_calib.fits|3C371|18 06 50.70|+69 49 28.0|271.7112|69.8244|1046.5263|1055.8684|R_Astrodon_2018|2458435.966111111|180.0|21.3567|4.2808|28.9914|2.0737
157|2018-11-13|11:14:30|3C371-20181113@111429-R_Astrodon_2018_calib.fits|3C371|18 06 50.70|+69 49 28.0|271.7112|69.8244|1045.8251|1057.4427|R_Astrodon_2018|2458435.968402778|180.0|21.3727|3.9965|28.7108|2.0924
158|2018-11-13|11:33:58|3C454-3-20181113@113358-R_Astrodon_2018_calib.fits|3C454-3|22 53 57.70|+16 08 54.0|343.4904|16.1483|1025.4168|1021.0183|R_Astrodon_2018|2458435.981921296|180.0|20.8900|3.1960|82.0074|1.0101
159|2018-11-13|11:37:16|3C454-3-20181113@113715-R_Astrodon_2018_calib.fits|3C454-3|22 53 57.70|+16 08 54.0|343.4904|16.1483|1025.3539|1019.9504|R_Astrodon_2018|2458435.984212963|180.0|20.8481|3.1878|81.6648|1.0111
160|2018-11-13|11:59:04|3C66A-20181113@115858-R_Astrodon_2018_calib.fits|3C66A|02 22 39.60|+43 02 08.0|35.6650|43.0356|1075.4142|989.9124|R_Astrodon_2018|2458435.9993518516|180.0|21.7647|2.9780|50.0274|1.2981
161|2018-11-13|10:45:50|4C38-41-20181113@104547-R_Astrodon_2018_calib.fits|4C38-41|16 35 15.50|+38 08 04.0|248.8146|38.1344|918.6001|1112.7024|R_Astrodon_2018|2458435.9484953703|180.0|20.7666|4.4942|17.2150|3.4311
162|2018-11-13|11:01:04|4C51-37-20181113@110101-R_Astrodon_2018_calib.fits|4C51-37|17 40 37.00|+52 11 43.0|265.1542|52.1953|1047.2347|996.3017|R_Astrodon_2018|2458435.959074074|180.0|21.4080|5.0217|28.3155|2.1292
163|2018-11-13|11:07:08|4C51-37-20181113@110705-R_Astrodon_2018_calib.fits|4C51-37|17 40 37.00|+52 11 43.0|265.1542|52.1953|1047.1952|1001.4382|R_Astrodon_2018|2458435.963287037|180.0|21.4237|5.1418|27.3846|2.1964
164|2018-11-13|11:27:05|CTA102-20181113@112701-R_Astrodon_2018_calib.fits|CTA102|22 32 36.40|+11 43 51.0|338.1517|11.7308|1081.1908|860.5000|R_Astrodon_2018|2458435.977141204|180.0|21.2647|3.0985|76.4934|1.0293
165|2018-11-13|11:30:23|CTA102-20181113@113022-R_Astrodon_2018_calib.fits|CTA102|22 32 36.40|+11 43 51.0|338.1517|11.7308|1082.6658|860.3712|R_Astrodon_2018|2458435.97943287|180.0|21.2675|3.0058|76.0874|1.0312
166|2018-11-13|11:51:25|ES2344+514-20181113@115122-R_Astrodon_2018_calib.fits|ES2344+514|23 47 04.00|+51 42 18.0|356.7667|51.7050|1022.7726|1026.7283|R_Astrodon_2018|2458435.994039352|180.0|21.8222|2.9267|61.4496|1.1386
167|2018-11-13|11:54:44|ES2344+514-20181113@115444-R_Astrodon_2018_calib.fits|ES2344+514|23 47 04.00|+51 42 18.0|356.7667|51.7050|1023.1981|1029.3934|R_Astrodon_2018|2458435.9963425924|180.0|21.8207|2.6962|61.5372|1.1377
168|2018-11-13|11:42:21|L-Lacertae-20181113@114218-R_Astrodon_2018_calib.fits|L-Lacertae|22 02 43.30|+42 16 40.0|330.6804|42.2778|1073.5639|1010.0434|R_Astrodon_2018|2458435.9877430554|180.0|21.5842|3.1117|65.8083|1.0992
169|2018-11-13|11:45:40|L-Lacertae-20181113@114539-R_Astrodon_2018_calib.fits|L-Lacertae|22 02 43.30|+42 16 40.0|330.6804|42.2778|1073.5744|1009.8829|R_Astrodon_2018|2458435.9900462963|180.0|21.5870|3.1331|65.3696|1.1032
170|2018-11-13|10:50:00|Mkn501-20181113@104956-R_Astrodon_2018_calib.fits|Mkn501|16 53 52.20|+39 45 37.0|253.4675|39.7603|924.9809|1088.7349|R_Astrodon_2018|2458435.951388889|180.0|21.0956|4.1086|20.3520|2.9141
171|2018-11-13|10:53:19|Mkn501-20181113@105318-R_Astrodon_2018_calib.fits|Mkn501|16 53 52.20|+39 45 37.0|253.4675|39.7603|926.4517|1087.9790|R_Astrodon_2018|2458435.95369213|180.0|21.2094|4.8634|19.7328|3.0028
172|2018-11-13|11:19:24|PKS2155-304-20181113@111921-R_Astrodon_2018_calib.fits|PKS2155-304|21 58 52.00|-30 13 32.0|329.7167|-30.2256|907.1075|904.9094|R_Astrodon_2018|2458435.9718055557|180.0|21.1563|3.9242|34.7558|1.7507
173|2018-11-13|11:22:43|PKS2155-304-20181113@112242-R_Astrodon_2018_calib.fits|PKS2155-304|21 58 52.00|-30 13 32.0|329.7167|-30.2256|909.1113|903.4206|R_Astrodon_2018|2458435.974108796|180.0|21.2508|3.1374|34.5627|1.7596
174|2018-11-14|21:18:36|3C273-20181114@211833-R_Astrodon_2018_calib.fits|3C273|12 29 06.70|+02 03 09.0|187.2779|2.0525|1070.9471|1049.8851|R_Astrodon_2018|2458437.3879166665|180.0|21.1312|2.6930|34.6189|1.7365
175|2018-11-14|17:24:28|3C66A-20181114@172425-R_Astrodon_2018_calib.fits|3C66A|02 22 39.60|+43 02 08.0|35.6650|43.0356|1023.8146|1024.5019|R_Astrodon_2018|2458437.2253240743|180.0|21.7733|2.3695|51.6945|1.2798
176|2018-11-14|18:15:07|4C71-07-20181114@181504-R_Astrodon_2018_calib.fits|4C71-07|08 41 24.30|+70 53 42.0|130.3512|70.8950|956.0451|1127.9955|R_Astrodon_2018|2458437.260497685|180.0|21.7433|2.1114|36.8538|1.6591
177|2018-11-14|18:18:27|4C71-07-20181114@181826-R_Astrodon_2018_calib.fits|4C71-07|08 41 24.30|+70 53 42.0|130.3512|70.8950|956.6224|1129.1901|R_Astrodon_2018|2458437.2628125|180.0|21.7601|1.9224|37.0617|1.6511
178|2018-11-14|17:28:40|AO0235+16-20181114@172837-R_Astrodon_2018_calib.fits|AO0235+16|02 38 38.90|+16 36 59.0|39.6621|16.6164|986.0195|1031.0077|R_Astrodon_2018|2458437.228240741|180.0|21.8700|2.2224|54.5397|1.2339
179|2018-11-14|17:31:58|AO0235+16-20181114@173157-R_Astrodon_2018_calib.fits|AO0235+16|02 38 38.90|+16 36 59.0|39.6621|16.6164|986.7106|1032.5365|R_Astrodon_2018|2458437.2305324073|180.0|21.8681|2.1770|53.7827|1.2459
180|2018-11-14|21:11:00|Mkn421-20181114@211057-R_Astrodon_2018_calib.fits|Mkn421|11 04 27.30|+38 12 32.0|166.1137|38.2089|1023.7478|1023.6245|R_Astrodon_2018|2458437.382638889|180.0|21.5059|3.5420|57.8727|1.1749
181|2018-11-14|21:14:19|Mkn421-20181114@211418-R_Astrodon_2018_calib.fits|Mkn421|11 04 27.30|+38 12 32.0|166.1137|38.2089|1024.6640|1024.5219|R_Astrodon_2018|2458437.3849421297|180.0|21.4751|3.0766|58.4944|1.1671
182|2018-11-14|17:53:05|OJ248-20181114@175301-R_Astrodon_2018_calib.fits|OJ248|08 30 52.10|+24 11 00.0|127.7171|24.1833|1023.5763|1044.4052|R_Astrodon_2018|2458437.2451967592|180.0|21.2529|2.8267|49.2017|1.3110
183|2018-11-14|17:56:23|OJ248-20181114@175622-R_Astrodon_2018_calib.fits|OJ248|08 30 52.10|+24 11 00.0|127.7171|24.1833|1023.2410|1043.6870|R_Astrodon_2018|2458437.247488426|180.0|21.2819|2.4382|49.9482|1.2968
184|2018-11-14|17:59:58|OJ287-20181114@175957-R_Astrodon_2018_calib.fits|OJ287|08 54 48.90|+20 06 31.0|133.7037|20.1086|1026.9483|1029.3801|R_Astrodon_2018|2458437.249976852|180.0|21.7851|2.4578|44.5441|1.4128
185|2018-11-14|18:03:15|OJ287-20181114@180315-R_Astrodon_2018_calib.fits|OJ287|08 54 48.90|+20 06 31.0|133.7037|20.1086|1026.8032|1028.3713|R_Astrodon_2018|2458437.2522569443|180.0|21.7891|2.3450|45.2955|1.3944
186|2018-11-14|18:07:19|OJ49-20181114@180716-R_Astrodon_2018_calib.fits|OJ49|08 31 48.90|+04 29 39.0|127.9537|4.4942|1036.0520|1016.6090|R_Astrodon_2018|2458437.2550810184|180.0|21.2661|2.3261|45.7700|1.3840
187|2018-11-14|18:10:37|OJ49-20181114@181036-R_Astrodon_2018_calib.fits|OJ49|08 31 48.90|+04 29 39.0|127.9537|4.4942|1035.8086|1016.1084|R_Astrodon_2018|2458437.2573726852|180.0|21.2754|2.0822|46.4868|1.3678
188|2018-11-14|17:45:46|PKS0735+17-20181114@174543-R_Astrodon_2018_calib.fits|PKS0735+17|07 38 07.40|+17 42 19.0|114.5308|17.7053|1020.6154|1022.3509|R_Astrodon_2018|2458437.240115741|180.0|21.6973|2.3952|58.2468|1.1698
189|2018-11-14|17:49:05|PKS0735+17-20181114@174904-R_Astrodon_2018_calib.fits|PKS0735+17|07 38 07.40|+17 42 19.0|114.5308|17.7053|1019.7446|1022.4876|R_Astrodon_2018|2458437.2424189816|180.0|21.6991|2.3875|59.0073|1.1606
190|2018-11-14|18:22:10|S4_0954+65-20181114@182210-R_Astrodon_2018_calib.fits|S4_0954+65|09 58 47.20|+65 33 55.0|149.6967|65.5653|987.8437|1117.3459|R_Astrodon_2018|2458437.2653935184|180.0|21.1962|2.1521|33.7303|1.7871
191|2018-11-14|18:25:28|S4_0954+65-20181114@182527-R_Astrodon_2018_calib.fits|S4_0954+65|09 58 47.20|+65 33 55.0|149.6967|65.5653|987.3078|1117.6536|R_Astrodon_2018|2458437.267685185|180.0|21.2082|2.2048|34.0547|1.7722
192|2018-11-14|17:37:25|S5_0716+71-20181114@173722-R_Astrodon_2018_calib.fits|S5_0716+71|07 21 53.40|+71 20 36.0|110.4725|71.3433|1023.1010|1027.8002|R_Astrodon_2018|2458437.2343171295|180.0|21.6937|2.4370|38.8725|1.5945
193|2018-11-14|17:40:43|S5_0716+71-20181114@174042-R_Astrodon_2018_calib.fits|S5_0716+71|07 21 53.40|+71 20 36.0|110.4725|71.3433|1024.5259|1029.0498|R_Astrodon_2018|2458437.2366087963|180.0|21.6924|2.2508|39.0336|1.5890
194|2018-11-17|21:24:18|S5_0716+71-20181117@212415-R_Astrodon_2018_calib.fits|S5_0716+71|07 21 53.40|+71 20 36.0|110.4725|71.3433|1021.8576|1018.1156|R_Astrodon_2018|2458440.391875|180.0|21.5304|2.6604|39.4595|1.5795
195|2018-11-18|11:13:24|3C371-20181118@111320-R_Astrodon_2018_calib.fits|3C371|18 06 50.70|+69 49 28.0|271.7112|69.8244|1049.3043|1056.2495|R_Astrodon_2018|2458440.967638889|180.0|21.3444|4.1739|27.1214|2.2051
196|2018-11-18|11:16:42|3C371-20181118@111641-R_Astrodon_2018_calib.fits|3C371|18 06 50.70|+69 49 28.0|271.7112|69.8244|1049.3341|1057.4601|R_Astrodon_2018|2458440.9699305557|180.0|21.3803|3.6177|26.8372|2.2270
197|2018-11-18|11:36:09|3C454-3-20181118@113609-R_Astrodon_2018_calib.fits|3C454-3|22 53 57.70|+16 08 54.0|343.4904|16.1483|1024.5625|1017.9010|R_Astrodon_2018|2458440.9834375|180.0|20.9224|2.2533|78.8922|1.0202
198|2018-11-18|11:39:27|3C454-3-20181118@113926-R_Astrodon_2018_calib.fits|3C454-3|22 53 57.70|+16 08 54.0|343.4904|16.1483|1025.4872|1017.1677|R_Astrodon_2018|2458440.985729167|180.0|20.8863|2.4866|78.2964|1.0225
199|2018-11-18|11:06:00|4C51-37-20181118@110557-R_Astrodon_2018_calib.fits|4C51-37|17 40 37.00|+52 11 43.0|265.1542|52.1953|998.5233|1150.8060|R_Astrodon_2018|2458440.9625|180.0|21.4389|4.1512|24.5512|2.4295
200|2018-11-18|11:09:18|4C51-37-20181118@110918-R_Astrodon_2018_calib.fits|4C51-37|17 40 37.00|+52 11 43.0|265.1542|52.1953|999.2944|1151.3122|R_Astrodon_2018|2458440.9647916667|180.0|21.4414|4.3353|24.0485|2.4778
201|2018-11-18|11:29:16|CTA102-20181118@112913-R_Astrodon_2018_calib.fits|CTA102|22 32 36.40|+11 43 51.0|338.1517|11.7308|1078.8907|862.5664|R_Astrodon_2018|2458440.978657407|180.0|21.2759|2.1800|73.2938|1.0458
202|2018-11-18|11:32:35|CTA102-20181118@113234-R_Astrodon_2018_calib.fits|CTA102|22 32 36.40|+11 43 51.0|338.1517|11.7308|1079.0685|862.4923|R_Astrodon_2018|2458440.980960648|180.0|21.2861|2.1053|72.7226|1.0492
203|2018-11-18|11:59:31|ES2344+514-20181118@115928-R_Astrodon_2018_calib.fits|ES2344+514|23 47 04.00|+51 42 18.0|356.7667|51.7050|1020.3480|1023.6608|R_Astrodon_2018|2458440.999664352|180.0|21.7966|2.5580|61.7409|1.1363
204|2018-11-18|12:02:50|ES2344+514-20181118@120249-R_Astrodon_2018_calib.fits|ES2344+514|23 47 04.00|+51 42 18.0|356.7667|51.7050|1019.9060|1022.6618|R_Astrodon_2018|2458441.0019675926|180.0|21.7179|2.5349|61.7081|1.1368
205|2018-11-18|11:44:19|L-Lacertae-20181118@114416-R_Astrodon_2018_calib.fits|L-Lacertae|22 02 43.30|+42 16 40.0|330.6804|42.2778|1071.8744|1017.1946|R_Astrodon_2018|2458440.989108796|180.0|21.5779|2.5825|62.7651|1.1285
206|2018-11-18|11:47:38|L-Lacertae-20181118@114738-R_Astrodon_2018_calib.fits|L-Lacertae|22 02 43.30|+42 16 40.0|330.6804|42.2778|1071.5987|1017.7201|R_Astrodon_2018|2458440.991412037|180.0|21.5757|2.4605|62.2646|1.1337
207|2018-11-18|11:21:37|PKS2155-304-20181118@112134-R_Astrodon_2018_calib.fits|PKS2155-304|21 58 52.00|-30 13 32.0|329.7167|-30.2256|921.8387|852.9362|R_Astrodon_2018|2458440.9733449076|180.0|21.1637|3.3208|33.2865|1.8207
208|2018-11-18|11:24:55|PKS2155-304-20181118@112454-R_Astrodon_2018_calib.fits|PKS2155-304|21 58 52.00|-30 13 32.0|329.7167|-30.2256|925.1269|850.8871|R_Astrodon_2018|2458440.975636574|180.0|21.2486|2.7953|33.0259|1.8339
209|2018-11-20|17:17:29|3C66A-20181120@171726-R_Astrodon_2018_calib.fits|3C66A|02 22 39.60|+43 02 08.0|35.6650|43.0356|981.2173|926.8391|R_Astrodon_2018|2458443.220474537|180.0|20.9324|2.5887|48.7654|1.3364
210|2018-11-20|17:20:48|3C66A-20181120@172047-R_Astrodon_2018_calib.fits|3C66A|02 22 39.60|+43 02 08.0|35.6650|43.0356|981.4222|928.8833|R_Astrodon_2018|2458443.222777778|180.0|20.9913|2.6305|48.1743|1.3488
211|2018-11-20|18:14:26|4C71-07-20181120@181423-R_Astrodon_2018_calib.fits|4C71-07|08 41 24.30|+70 53 42.0|130.3512|70.8950|949.8040|1128.3697|R_Astrodon_2018|2458443.2600231483|180.0|20.9574|2.8446|38.2223|1.6089
212|2018-11-20|18:17:45|4C71-07-20181120@181744-R_Astrodon_2018_calib.fits|4C71-07|08 41 24.30|+70 53 42.0|130.3512|70.8950|951.2937|1129.4768|R_Astrodon_2018|2458443.262326389|180.0|20.9223|2.9660|38.4082|1.6024
213|2018-11-20|18:28:58|Mkn421-20181120@182855-R_Astrodon_2018_calib.fits|Mkn421|11 04 27.30|+38 12 32.0|166.1137|38.2089|1015.2394|1098.1604|R_Astrodon_2018|2458443.2701157406|180.0|20.6300|3.4430|30.8710|1.9198
214|2018-11-20|17:52:11|OJ248-20181120@175207-R_Astrodon_2018_calib.fits|OJ248|08 30 52.10|+24 11 00.0|127.7171|24.1833|1021.6795|1038.6290|R_Astrodon_2018|2458443.2445717594|180.0|20.8296|2.1968|54.3428|1.2232
215|2018-11-20|17:55:29|OJ248-20181120@175528-R_Astrodon_2018_calib.fits|OJ248|08 30 52.10|+24 11 00.0|127.7171|24.1833|1021.2658|1038.0460|R_Astrodon_2018|2458443.2468634257|180.0|20.7565|2.2015|55.0919|1.2120
216|2018-11-20|17:59:04|OJ287-20181120@175903-R_Astrodon_2018_calib.fits|OJ287|08 54 48.90|+20 06 31.0|133.7037|20.1086|1028.2972|1027.6280|R_Astrodon_2018|2458443.2493518516|180.0|21.3803|2.4422|49.7435|1.3007
217|2018-11-20|18:02:21|OJ287-20181120@180221-R_Astrodon_2018_calib.fits|OJ287|08 54 48.90|+20 06 31.0|133.7037|20.1086|1027.8587|1027.0424|R_Astrodon_2018|2458443.2516319444|180.0|21.5054|2.5840|50.4969|1.2866
218|2018-11-20|18:06:24|OJ49-20181120@180621-R_Astrodon_2018_calib.fits|OJ49|08 31 48.90|+04 29 39.0|127.9537|4.4942|1039.0704|1020.4460|R_Astrodon_2018|2458443.2544444446|180.0|20.8287|2.4968|50.6367|1.2848
219|2018-11-20|18:09:42|OJ49-20181120@180941-R_Astrodon_2018_calib.fits|OJ49|08 31 48.90|+04 29 39.0|127.9537|4.4942|1038.7882|1020.0283|R_Astrodon_2018|2458443.256736111|180.0|20.8233|2.3103|51.3321|1.2725
220|2018-11-20|17:44:52|PKS0735+17-20181120@174449-R_Astrodon_2018_calib.fits|PKS0735+17|07 38 07.40|+17 42 19.0|114.5308|17.7053|1019.4684|1023.7111|R_Astrodon_2018|2458443.239490741|180.0|21.3874|2.3559|63.4386|1.1134
221|2018-11-20|17:48:11|PKS0735+17-20181120@174810-R_Astrodon_2018_calib.fits|PKS0735+17|07 38 07.40|+17 42 19.0|114.5308|17.7053|1018.5123|1024.5520|R_Astrodon_2018|2458443.2417939813|180.0|21.3133|2.2582|64.1946|1.1063
222|2018-11-20|18:21:28|S4_0954+65-20181120@182128-R_Astrodon_2018_calib.fits|S4_0954+65|09 58 47.20|+65 33 55.0|149.6967|65.5653|980.8642|1113.4310|R_Astrodon_2018|2458443.2649074076|180.0|20.3299|2.9906|35.9444|1.6918
223|2018-11-20|18:24:46|S4_0954+65-20181120@182445-R_Astrodon_2018_calib.fits|S4_0954+65|09 58 47.20|+65 33 55.0|149.6967|65.5653|980.0615|1113.8931|R_Astrodon_2018|2458443.267199074|180.0|20.3244|2.8663|36.2560|1.6793
224|2018-11-20|17:36:35|S5_0716+71-20181120@173632-R_Astrodon_2018_calib.fits|S5_0716+71|07 21 53.40|+71 20 36.0|110.4725|71.3433|1023.8581|1028.7800|R_Astrodon_2018|2458443.233738426|180.0|20.9546|3.1628|39.9096|1.5603
225|2018-11-20|17:39:53|S5_0716+71-20181120@173952-R_Astrodon_2018_calib.fits|S5_0716+71|07 21 53.40|+71 20 36.0|110.4725|71.3433|1025.0253|1030.5459|R_Astrodon_2018|2458443.2360300925|180.0|20.6113|2.7992|40.0453|1.5559
226|2018-11-21|21:07:35|3C273-20181121@210732-R_Astrodon_2018_calib.fits|3C273|12 29 06.70|+02 03 09.0|187.2779|2.0525|1071.5023|1054.6113|R_Astrodon_2018|2458444.3802662035|180.0|21.1232|2.8479|38.2707|1.5961
227|2018-11-21|10:40:37|3C371-20181121@104032-R_Astrodon_2018_calib.fits|3C371|18 06 50.70|+69 49 28.0|271.7112|69.8244|1046.7423|1056.1133|R_Astrodon_2018|2458443.9448726852|180.0|20.1272|5.9993|28.9174|2.0786
228|2018-11-21|10:43:56|3C371-20181121@104355-R_Astrodon_2018_calib.fits|3C371|18 06 50.70|+69 49 28.0|271.7112|69.8244|1047.0925|1057.4623|R_Astrodon_2018|2458443.947175926|180.0|21.1669|4.1893|28.6352|2.0974
229|2018-11-21|11:03:18|3C454-3-20181121@110317-R_Astrodon_2018_calib.fits|3C454-3|22 53 57.70|+16 08 54.0|343.4904|16.1483|1024.3231|1020.0411|R_Astrodon_2018|2458443.960625|180.0|20.7358|2.8802|81.9311|1.0103
230|2018-11-21|11:06:36|3C454-3-20181121@110636-R_Astrodon_2018_calib.fits|3C454-3|22 53 57.70|+16 08 54.0|343.4904|16.1483|1024.5142|1019.3491|R_Astrodon_2018|2458443.9629166666|180.0|20.6427|2.8827|81.5744|1.0114
231|2018-11-21|11:28:23|3C66A-20181121@112820-R_Astrodon_2018_calib.fits|3C66A|02 22 39.60|+43 02 08.0|35.6650|43.0356|1073.8061|987.8524|R_Astrodon_2018|2458443.9780439814|180.0|21.6256|2.7533|50.1635|1.2956
232|2018-11-21|17:39:31|3C66A-20181121@173927-R_Astrodon_2018_calib.fits|3C66A|02 22 39.60|+43 02 08.0|35.6650|43.0356|1019.8235|1029.9424|R_Astrodon_2018|2458444.235775463|180.0|21.5419|2.3845|44.0977|1.4445
233|2018-11-21|17:42:49|3C66A-20181121@174249-R_Astrodon_2018_calib.fits|3C66A|02 22 39.60|+43 02 08.0|35.6650|43.0356|1019.3581|1031.1545|R_Astrodon_2018|2458444.2380671296|180.0|21.5801|2.4605|43.4990|1.4606
234|2018-11-21|18:47:52|4C29-45-20181121@184749-R_Astrodon_2018_calib.fits|4C29-45|11 59 31.80|+29 14 44.0|179.8825|29.2456|1028.9730|1056.9275|R_Astrodon_2018|2458444.2832407407|180.0|21.3025|3.5739|22.5712|2.5420
235|2018-11-21|10:33:11|4C51-37-20181121@103308-R_Astrodon_2018_calib.fits|4C51-37|17 40 37.00|+52 11 43.0|265.1542|52.1953|942.5210|1065.1091|R_Astrodon_2018|2458443.9397106483|180.0|21.2754|4.5665|27.7674|2.1671
236|2018-11-21|10:36:30|4C51-37-20181121@103630-R_Astrodon_2018_calib.fits|4C51-37|17 40 37.00|+52 11 43.0|265.1542|52.1953|943.6853|1064.3829|R_Astrodon_2018|2458443.942013889|180.0|20.7697|6.2341|27.2587|2.2046
237|2018-11-21|18:25:57|4C71-07-20181121@182554-R_Astrodon_2018_calib.fits|4C71-07|08 41 24.30|+70 53 42.0|130.3512|70.8950|949.1109|1134.6370|R_Astrodon_2018|2458444.2680208334|180.0|21.6289|2.7917|39.0593|1.5802
238|2018-11-21|18:29:17|4C71-07-20181121@182916-R_Astrodon_2018_calib.fits|4C71-07|08 41 24.30|+70 53 42.0|130.3512|70.8950|950.3522|1135.6394|R_Astrodon_2018|2458444.270335648|180.0|21.6694|2.7724|39.2301|1.5744
239|2018-11-21|10:56:27|CTA102-20181121@105624-R_Astrodon_2018_calib.fits|CTA102|22 32 36.40|+11 43 51.0|338.1517|11.7308|1079.1907|859.7935|R_Astrodon_2018|2458443.9558680556|180.0|21.0118|2.9372|76.3955|1.0297
240|2018-11-21|10:59:45|CTA102-20181121@105945-R_Astrodon_2018_calib.fits|CTA102|22 32 36.40|+11 43 51.0|338.1517|11.7308|1080.3112|859.1542|R_Astrodon_2018|2458443.9581597224|180.0|21.0341|2.9511|75.9814|1.0317
241|2018-11-21|11:20:46|ES2344+514-20181121@112043-R_Astrodon_2018_calib.fits|ES2344+514|23 47 04.00|+51 42 18.0|356.7667|51.7050|1021.0714|1026.9874|R_Astrodon_2018|2458443.97275463|180.0|21.7632|2.8601|61.4722|1.1384
242|2018-11-21|11:24:05|ES2344+514-20181121@112404-R_Astrodon_2018_calib.fits|ES2344+514|23 47 04.00|+51 42 18.0|356.7667|51.7050|1021.3706|1028.6515|R_Astrodon_2018|2458443.97505787|180.0|21.7642|2.7527|61.5563|1.1375
243|2018-11-21|11:11:42|L-Lacertae-20181121@111138-R_Astrodon_2018_calib.fits|L-Lacertae|22 02 43.30|+42 16 40.0|330.6804|42.2778|1073.2861|1010.2635|R_Astrodon_2018|2458443.966458333|180.0|21.5055|3.0533|65.7029|1.1002
244|2018-11-21|11:15:00|L-Lacertae-20181121@111500-R_Astrodon_2018_calib.fits|L-Lacertae|22 02 43.30|+42 16 40.0|330.6804|42.2778|1073.0797|1009.9242|R_Astrodon_2018|2458443.96875|180.0|21.5288|3.2323|65.2638|1.1042
245|2018-11-21|18:40:29|Mkn421-20181121@184024-R_Astrodon_2018_calib.fits|Mkn421|11 04 27.30|+38 12 32.0|166.1137|38.2089|1013.6940|1089.1406|R_Astrodon_2018|2458444.2781134257|180.0|21.4000|3.1714|33.8983|1.7694
246|2018-11-21|21:00:00|Mkn421-20181121@205957-R_Astrodon_2018_calib.fits|Mkn421|11 04 27.30|+38 12 32.0|166.1137|38.2089|990.4153|899.0197|R_Astrodon_2018|2458444.375|180.0|21.3526|2.7872|60.9372|1.1393
247|2018-11-21|21:03:19|Mkn421-20181121@210318-R_Astrodon_2018_calib.fits|Mkn421|11 04 27.30|+38 12 32.0|166.1137|38.2089|990.7102|900.4392|R_Astrodon_2018|2458444.377303241|180.0|21.3833|2.7300|61.5412|1.1328
248|2018-11-21|18:03:41|OJ248-20181121@180336-R_Astrodon_2018_calib.fits|OJ248|08 30 52.10|+24 11 00.0|127.7171|24.1833|1021.0273|1033.0157|R_Astrodon_2018|2458444.2525578705|180.0|21.2026|1.9763|57.8486|1.1748
249|2018-11-21|18:07:00|OJ248-20181121@180659-R_Astrodon_2018_calib.fits|OJ248|08 30 52.10|+24 11 00.0|127.7171|24.1833|1020.6639|1032.8086|R_Astrodon_2018|2458444.2548611113|180.0|21.2485|1.9657|58.6029|1.1654
250|2018-11-21|18:10:35|OJ287-20181121@181035-R_Astrodon_2018_calib.fits|OJ287|08 54 48.90|+20 06 31.0|133.7037|20.1086|1028.5916|1025.0477|R_Astrodon_2018|2458444.257349537|180.0|21.7261|2.1853|53.2902|1.2394
251|2018-11-21|18:13:53|OJ287-20181121@181352-R_Astrodon_2018_calib.fits|OJ287|08 54 48.90|+20 06 31.0|133.7037|20.1086|1027.9803|1024.7568|R_Astrodon_2018|2458444.2596412036|180.0|21.7313|2.3398|54.0484|1.2275
252|2018-11-21|18:17:56|OJ49-20181121@181752-R_Astrodon_2018_calib.fits|OJ49|08 31 48.90|+04 29 39.0|127.9537|4.4942|1039.8209|1019.0790|R_Astrodon_2018|2458444.2624537037|180.0|21.2213|2.4003|53.8607|1.2313
253|2018-11-21|18:21:14|OJ49-20181121@182114-R_Astrodon_2018_calib.fits|OJ49|08 31 48.90|+04 29 39.0|127.9537|4.4942|1039.3202|1019.0538|R_Astrodon_2018|2458444.2647453705|180.0|21.2153|2.2750|54.5361|1.2210
254|2018-11-21|17:56:20|PKS0735+17-20181121@175617-R_Astrodon_2018_calib.fits|PKS0735+17|07 38 07.40|+17 42 19.0|114.5308|17.7053|1019.5993|1023.8256|R_Astrodon_2018|2458444.2474537035|180.0|21.5971|2.3799|66.9394|1.0831
255|2018-11-21|17:59:39|PKS0735+17-20181121@175938-R_Astrodon_2018_calib.fits|PKS0735+17|07 38 07.40|+17 42 19.0|114.5308|17.7053|1018.7788|1024.5766|R_Astrodon_2018|2458444.2497569444|180.0|21.6331|2.1831|67.6897|1.0773
256|2018-11-21|10:48:48|PKS2155-304-20181121@104844-R_Astrodon_2018_calib.fits|PKS2155-304|21 58 52.00|-30 13 32.0|329.7167|-30.2256|909.5875|890.5067|R_Astrodon_2018|2458443.9505555555|180.0|20.8997|3.2703|34.7071|1.7530
257|2018-11-21|10:52:06|PKS2155-304-20181121@105205-R_Astrodon_2018_calib.fits|PKS2155-304|21 58 52.00|-30 13 32.0|329.7167|-30.2256|912.3384|888.1366|R_Astrodon_2018|2458443.9528472223|180.0|20.5233|3.4770|34.5122|1.7620
258|2018-11-21|18:32:59|S4_0954+65-20181121@183258-R_Astrodon_2018_calib.fits|S4_0954+65|09 58 47.20|+65 33 55.0|149.6967|65.5653|977.9039|1115.5941|R_Astrodon_2018|2458444.2729050927|180.0|21.0581|2.9288|37.3839|1.6364
259|2018-11-21|18:36:17|S4_0954+65-20181121@183616-R_Astrodon_2018_calib.fits|S4_0954+65|09 58 47.20|+65 33 55.0|149.6967|65.5653|976.8626|1116.1929|R_Astrodon_2018|2458444.275196759|180.0|21.1157|2.7223|37.6846|1.6253
260|2018-11-21|17:48:01|S5_0716+71-20181121@174758-R_Astrodon_2018_calib.fits|S5_0716+71|07 21 53.40|+71 20 36.0|110.4725|71.3433|1024.0255|1027.0163|R_Astrodon_2018|2458444.2416782407|180.0|21.4964|2.8112|40.5077|1.5414
261|2018-11-21|17:51:20|S5_0716+71-20181121@175119-R_Astrodon_2018_calib.fits|S5_0716+71|07 21 53.40|+71 20 36.0|110.4725|71.3433|1025.3888|1028.7290|R_Astrodon_2018|2458444.2439814815|180.0|21.5024|2.5577|40.6254|1.5378
262|2018-11-22|11:04:02|3C371-20181122@110400-R_Astrodon_2018_calib.fits|3C371|18 06 50.70|+69 49 28.0|271.7112|69.8244|1047.9698|1055.8211|R_Astrodon_2018|2458444.961134259|180.0|21.3144|2.8578|26.5734|2.2474
263|2018-11-22|11:07:21|3C371-20181122@110721-R_Astrodon_2018_calib.fits|3C371|18 06 50.70|+69 49 28.0|271.7112|69.8244|1047.8257|1056.6157|R_Astrodon_2018|2458444.9634375|180.0|21.3145|2.6930|26.2872|2.2702
264|2018-11-22|11:26:28|3C454-3-20181122@112628-R_Astrodon_2018_calib.fits|3C454-3|22 53 57.70|+16 08 54.0|343.4904|16.1483|1027.6755|1018.8703|R_Astrodon_2018|2458444.976712963|180.0|20.8504|2.5844|77.7855|1.0245
265|2018-11-22|11:29:46|3C454-3-20181122@112946-R_Astrodon_2018_calib.fits|3C454-3|22 53 57.70|+16 08 54.0|343.4904|16.1483|1028.1179|1018.3958|R_Astrodon_2018|2458444.9790046294|180.0|20.8687|2.4657|77.1549|1.0272
266|2018-11-22|11:50:35|3C66A-20181122@115032-R_Astrodon_2018_calib.fits|3C66A|02 22 39.60|+43 02 08.0|35.6650|43.0356|1022.9911|1026.5435|R_Astrodon_2018|2458444.993460648|180.0|21.6979|2.6031|54.6954|1.2203
267|2018-11-22|11:53:55|3C66A-20181122@115354-R_Astrodon_2018_calib.fits|3C66A|02 22 39.60|+43 02 08.0|35.6650|43.0356|1023.7414|1026.7856|R_Astrodon_2018|2458444.995775463|180.0|21.7115|2.5349|55.2596|1.2120
268|2018-11-22|10:56:50|4C51-37-20181122@105647-R_Astrodon_2018_calib.fits|4C51-37|17 40 37.00|+52 11 43.0|265.1542|52.1953|955.5101|1080.2543|R_Astrodon_2018|2458444.9561342592|180.0|21.3064|3.7150|23.5525|2.5282
269|2018-11-22|11:00:09|4C51-37-20181122@110008-R_Astrodon_2018_calib.fits|4C51-37|17 40 37.00|+52 11 43.0|265.1542|52.1953|956.4231|1080.4617|R_Astrodon_2018|2458444.9584375|180.0|21.2938|3.2867|23.0488|2.5805
270|2018-11-22|11:19:40|CTA102-20181122@111935-R_Astrodon_2018_calib.fits|CTA102|22 32 36.40|+11 43 51.0|338.1517|11.7308|1079.9927|862.4657|R_Astrodon_2018|2458444.971990741|180.0|21.1627|2.7515|72.2254|1.0521
271|2018-11-22|11:23:04|CTA102-20181122@112303-R_Astrodon_2018_calib.fits|CTA102|22 32 36.40|+11 43 51.0|338.1517|11.7308|1080.4739|862.8624|R_Astrodon_2018|2458444.9743518517|180.0|21.1945|2.6162|71.6094|1.0560
272|2018-11-22|11:41:57|ES2344+514-20181122@114154-R_Astrodon_2018_calib.fits|ES2344+514|23 47 04.00|+51 42 18.0|356.7667|51.7050|1013.2665|1028.5643|R_Astrodon_2018|2458444.987465278|180.0|21.7904|2.5390|61.7529|1.1361
273|2018-11-22|11:45:16|ES2344+514-20181122@114515-R_Astrodon_2018_calib.fits|ES2344+514|23 47 04.00|+51 42 18.0|356.7667|51.7050|1012.6505|1027.3404|R_Astrodon_2018|2458444.9897685186|180.0|21.7841|2.4291|61.7281|1.1365
274|2018-11-22|11:34:24|L-Lacertae-20181122@113422-R_Astrodon_2018_calib.fits|L-Lacertae|22 02 43.30|+42 16 40.0|330.6804|42.2778|1072.8194|1019.0702|R_Astrodon_2018|2458444.9822222223|180.0|21.5607|2.4798|61.8833|1.1378
275|2018-11-22|11:37:43|L-Lacertae-20181122@113743-R_Astrodon_2018_calib.fits|L-Lacertae|22 02 43.30|+42 16 40.0|330.6804|42.2778|1072.8135|1020.0376|R_Astrodon_2018|2458444.984525463|180.0|21.5659|2.4239|61.3698|1.1435
276|2018-11-22|11:12:11|PKS2155-304-20181122@111207-R_Astrodon_2018_calib.fits|PKS2155-304|21 58 52.00|-30 13 32.0|329.7167|-30.2256|918.5659|856.0179|R_Astrodon_2018|2458444.9667939814|180.0|21.1116|3.4004|32.7810|1.8462
277|2018-11-22|11:15:31|PKS2155-304-20181122@111530-R_Astrodon_2018_calib.fits|PKS2155-304|21 58 52.00|-30 13 32.0|329.7167|-30.2256|921.7086|854.4737|R_Astrodon_2018|2458444.969108796|180.0|21.1534|3.0756|32.4990|1.8607
278|2018-11-23|21:26:01|3C273-20181123@212557-R_Astrodon_2018_calib.fits|3C273|12 29 06.70|+02 03 09.0|187.2779|2.0525|1070.5018|1026.8781|R_Astrodon_2018|2458446.3930671294|180.0|21.0612|2.9084|43.9818|1.4276
279|2018-11-23|21:29:19|3C273-20181123@212918-R_Astrodon_2018_calib.fits|3C273|12 29 06.70|+02 03 09.0|187.2779|2.0525|1068.9829|1026.1498|R_Astrodon_2018|2458446.395358796|180.0|21.1234|2.6548|44.6868|1.4100
280|2018-11-23|21:33:33|4C29-45-20181123@213327-R_Astrodon_2018_calib.fits|4C29-45|11 59 31.80|+29 14 44.0|179.8825|29.2456|985.9516|1009.8982|R_Astrodon_2018|2458446.398298611|180.0|21.4995|2.2219|60.1347|1.1473
281|2018-11-23|21:01:40|4C71-07-20181123@210137-R_Astrodon_2018_calib.fits|4C71-07|08 41 24.30|+70 53 42.0|130.3512|70.8950|1119.2379|1055.5142|R_Astrodon_2018|2458446.376157407|180.0|21.6958|2.5499|42.3040|1.4822
282|2018-11-23|21:05:00|4C71-07-20181123@210459-R_Astrodon_2018_calib.fits|4C71-07|08 41 24.30|+70 53 42.0|130.3512|70.8950|1118.2450|1054.4022|R_Astrodon_2018|2458446.378472222|180.0|21.6876|2.5873|42.2501|1.4838
283|2018-11-23|21:18:23|Mkn421-20181123@211820-R_Astrodon_2018_calib.fits|Mkn421|11 04 27.30|+38 12 32.0|166.1137|38.2089|1021.2532|1023.5524|R_Astrodon_2018|2458446.387766204|180.0|21.4380|2.6349|65.5790|1.0945
284|2018-11-23|21:21:43|Mkn421-20181123@212143-R_Astrodon_2018_calib.fits|Mkn421|11 04 27.30|+38 12 32.0|166.1137|38.2089|1020.6990|1024.1805|R_Astrodon_2018|2458446.3900810187|180.0|21.4442|2.7094|66.1409|1.0898
285|2018-11-23|20:26:55|OJ248-20181123@202652-R_Astrodon_2018_calib.fits|OJ248|08 30 52.10|+24 11 00.0|127.7171|24.1833|1029.4696|1020.6910|R_Astrodon_2018|2458446.352025463|180.0|21.2282|2.0736|87.4764|1.0013
286|2018-11-23|20:30:13|OJ248-20181123@203013-R_Astrodon_2018_calib.fits|OJ248|08 30 52.10|+24 11 00.0|127.7171|24.1833|1030.0245|1019.4780|R_Astrodon_2018|2458446.3543171296|180.0|21.2149|2.5393|86.7437|1.0021
287|2018-11-23|20:46:10|OJ287-20181123@204607-R_Astrodon_2018_calib.fits|OJ287|08 54 48.90|+20 06 31.0|133.7037|20.1086|1021.0379|1024.4220|R_Astrodon_2018|2458446.3653935185|180.0|21.7727|2.1125|86.3682|1.0023
288|2018-11-23|20:49:28|OJ287-20181123@204927-R_Astrodon_2018_calib.fits|OJ287|08 54 48.90|+20 06 31.0|133.7037|20.1086|1021.2183|1023.0807|R_Astrodon_2018|2458446.3676851853|180.0|21.7658|2.2237|86.0129|1.0028
289|2018-11-23|20:53:30|OJ49-20181123@205327-R_Astrodon_2018_calib.fits|OJ49|08 31 48.90|+04 29 39.0|127.9537|4.4942|997.3726|1051.2064|R_Astrodon_2018|2458446.370486111|180.0|21.2394|2.2537|69.1028|1.0722
290|2018-11-23|20:56:48|OJ49-20181123@205648-R_Astrodon_2018_calib.fits|OJ49|08 31 48.90|+04 29 39.0|127.9537|4.4942|998.6666|1049.7277|R_Astrodon_2018|2458446.3727777777|180.0|21.2148|2.3388|68.7560|1.0748
291|2018-11-23|20:19:38|PKS0735+17-20181123@201935-R_Astrodon_2018_calib.fits|PKS0735+17|07 38 07.40|+17 42 19.0|114.5308|17.7053|902.9328|913.4128|R_Astrodon_2018|2458446.3469675924|180.0|21.6483|2.5121|75.6884|1.0341
292|2018-11-23|20:22:56|PKS0735+17-20181123@202256-R_Astrodon_2018_calib.fits|PKS0735+17|07 38 07.40|+17 42 19.0|114.5308|17.7053|904.7929|913.1585|R_Astrodon_2018|2458446.349259259|180.0|21.6496|2.2202|74.9775|1.0376
293|2018-11-23|21:10:05|S4_0954+65-20181123@211004-R_Astrodon_2018_calib.fits|S4_0954+65|09 58 47.20|+65 33 55.0|149.6967|65.5653|-269.5386|1129.7062|R_Astrodon_2018|2458446.382002315|180.0|21.0664|3.0236|47.5473|1.3513
294|2018-11-23|21:13:39|S4_0954+65-20181123@211339-R_Astrodon_2018_calib.fits|S4_0954+65|09 58 47.20|+65 33 55.0|149.6967|65.5653|1024.5925|1031.6432|R_Astrodon_2018|2458446.3844791665|180.0|21.0807|2.8513|47.6179|1.3559
295|2018-11-23|20:11:17|S5_0716+71-20181123@201114-R_Astrodon_2018_calib.fits|S5_0716+71|07 21 53.40|+71 20 36.0|110.4725|71.3433|983.6253|1025.7450|R_Astrodon_2018|2458446.3411689815|180.0|21.5548|3.2711|41.2562|1.5139
296|2018-11-23|20:14:36|S5_0716+71-20181123@201435-R_Astrodon_2018_calib.fits|S5_0716+71|07 21 53.40|+71 20 36.0|110.4725|71.3433|982.9979|1024.6112|R_Astrodon_2018|2458446.3434722223|180.0|21.4410|3.1099|41.1647|1.5167
297|2018-11-24|10:13:17|3C371-20181124@101314-R_Astrodon_2018_calib.fits|3C371|18 06 50.70|+69 49 28.0|271.7112|69.8244|1047.9456|1055.2542|R_Astrodon_2018|2458446.925891204|180.0|21.1258|3.6152|30.2286|1.9960
298|2018-11-24|10:16:35|3C371-20181124@101635-R_Astrodon_2018_calib.fits|3C371|18 06 50.70|+69 49 28.0|271.7112|69.8244|1047.6522|1055.9976|R_Astrodon_2018|2458446.92818287|180.0|21.2762|3.6400|29.9518|2.0130
299|2018-11-24|16:39:41|3C66A-20181124@163938-R_Astrodon_2018_calib.fits|3C66A|02 22 39.60|+43 02 08.0|35.6650|43.0356|1042.0783|859.7802|R_Astrodon_2018|2458447.194224537|180.0|21.7164|2.4521|52.6452|1.2638
300|2018-11-24|16:43:00|3C66A-20181124@164259-R_Astrodon_2018_calib.fits|3C66A|02 22 39.60|+43 02 08.0|35.6650|43.0356|1042.4432|861.3127|R_Astrodon_2018|2458447.1965277777|180.0|21.7139|2.2265|52.0691|1.2738
301|2018-11-24|10:05:56|4C51-37-20181124@100553-R_Astrodon_2018_calib.fits|4C51-37|17 40 37.00|+52 11 43.0|265.1542|52.1953|957.8589|1078.6177|R_Astrodon_2018|2458446.920787037|180.0|20.6587|3.6695|30.1409|2.0094
302|2018-11-24|10:09:14|4C51-37-20181124@100914-R_Astrodon_2018_calib.fits|4C51-37|17 40 37.00|+52 11 43.0|265.1542|52.1953|958.0037|1079.3359|R_Astrodon_2018|2458446.9230787037|180.0|21.0862|3.7055|29.6338|2.0410
303|2018-11-24|17:33:30|4C71-07-20181124@173327-R_Astrodon_2018_calib.fits|4C71-07|08 41 24.30|+70 53 42.0|130.3512|70.8950|954.7079|1125.4354|R_Astrodon_2018|2458447.2315972224|180.0|21.6595|2.6518|36.7087|1.6647
304|2018-11-24|17:36:50|4C71-07-20181124@173649-R_Astrodon_2018_calib.fits|4C71-07|08 41 24.30|+70 53 42.0|130.3512|70.8950|955.5042|1126.0086|R_Astrodon_2018|2458447.233912037|180.0|21.6571|2.6742|36.9186|1.6566
305|2018-11-24|16:47:09|AO0235+16-20181124@164706-R_Astrodon_2018_calib.fits|AO0235+16|02 38 38.90|+16 36 59.0|39.6621|16.6164|979.8664|1035.6135|R_Astrodon_2018|2458447.1994097224|180.0|21.7983|2.1703|55.0439|1.2261
306|2018-11-24|16:50:27|AO0235+16-20181124@165027-R_Astrodon_2018_calib.fits|AO0235+16|02 38 38.90|+16 36 59.0|39.6621|16.6164|980.9256|1037.0882|R_Astrodon_2018|2458447.2017013887|180.0|21.8034|2.1351|54.2871|1.2379
307|2018-11-24|10:29:04|CTA102-20181124@102901-R_Astrodon_2018_calib.fits|CTA102|22 32 36.40|+11 43 51.0|338.1517|11.7308|1078.0854|858.6725|R_Astrodon_2018|2458446.9368518516|180.0|21.2057|3.6117|77.8437|1.0232
308|2018-11-24|10:32:23|CTA102-20181124@103222-R_Astrodon_2018_calib.fits|CTA102|22 32 36.40|+11 43 51.0|338.1517|11.7308|1077.7029|857.2277|R_Astrodon_2018|2458446.9391550925|180.0|21.1971|3.3911|77.6145|1.0242
309|2018-11-24|16:35:23|ES2344+514-20181124@163519-R_Astrodon_2018_calib.fits|ES2344+514|23 47 04.00|+51 42 18.0|356.7667|51.7050|1022.5949|1036.6000|R_Astrodon_2018|2458447.191238426|180.0|21.7196|3.0394|26.4151|2.2633
310|2018-11-24|17:48:02|Mkn421-20181124@174758-R_Astrodon_2018_calib.fits|Mkn421|11 04 27.30|+38 12 32.0|166.1137|38.2089|1015.9883|1110.4532|R_Astrodon_2018|2458447.2416898147|180.0|21.3652|3.4384|25.9631|2.2411
311|2018-11-24|17:11:29|OJ248-20181124@171125-R_Astrodon_2018_calib.fits|OJ248|08 30 52.10|+24 11 00.0|127.7171|24.1833|1023.3431|1044.6135|R_Astrodon_2018|2458447.2163078706|180.0|21.1946|2.5115|48.6857|1.3212
312|2018-11-24|17:14:47|OJ248-20181124@171446-R_Astrodon_2018_calib.fits|OJ248|08 30 52.10|+24 11 00.0|127.7171|24.1833|1023.0968|1043.4872|R_Astrodon_2018|2458447.218599537|180.0|21.2214|2.3683|49.4320|1.3066
313|2018-11-24|17:18:21|OJ287-20181124@171820-R_Astrodon_2018_calib.fits|OJ287|08 54 48.90|+20 06 31.0|133.7037|20.1086|1026.7708|1029.3837|R_Astrodon_2018|2458447.221076389|180.0|21.7157|2.8408|44.0182|1.4259
314|2018-11-24|17:21:38|OJ287-20181124@172138-R_Astrodon_2018_calib.fits|OJ287|08 54 48.90|+20 06 31.0|133.7037|20.1086|1026.3738|1027.7892|R_Astrodon_2018|2458447.2233564816|180.0|21.6778|2.8590|44.7694|1.4070
315|2018-11-24|17:25:44|OJ49-20181124@172541-R_Astrodon_2018_calib.fits|OJ49|08 31 48.90|+04 29 39.0|127.9537|4.4942|1036.3976|1017.0675|R_Astrodon_2018|2458447.226203704|180.0|21.2131|2.3472|45.2766|1.3955
316|2018-11-24|17:29:02|OJ49-20181124@172901-R_Astrodon_2018_calib.fits|OJ49|08 31 48.90|+04 29 39.0|127.9537|4.4942|1035.8728|1016.4465|R_Astrodon_2018|2458447.2284953706|180.0|21.1994|2.3676|45.9951|1.3788
317|2018-11-24|17:04:09|PKS0735+17-20181124@170406-R_Astrodon_2018_calib.fits|PKS0735+17|07 38 07.40|+17 42 19.0|114.5308|17.7053|1020.8418|1022.9883|R_Astrodon_2018|2458447.2112152777|180.0|21.6468|2.0859|57.7195|1.1764
318|2018-11-24|17:07:28|PKS0735+17-20181124@170727-R_Astrodon_2018_calib.fits|PKS0735+17|07 38 07.40|+17 42 19.0|114.5308|17.7053|1019.8687|1022.9195|R_Astrodon_2018|2458447.2135185185|180.0|21.6396|2.1766|58.4803|1.1669
319|2018-11-24|10:21:28|PKS2155-304-20181124@102125-R_Astrodon_2018_calib.fits|PKS2155-304|21 58 52.00|-30 13 32.0|329.7167|-30.2256|907.4950|918.4779|R_Astrodon_2018|2458446.931574074|180.0|21.2290|3.2740|35.4787|1.7183
320|2018-11-24|10:24:46|PKS2155-304-20181124@102445-R_Astrodon_2018_calib.fits|PKS2155-304|21 58 52.00|-30 13 32.0|329.7167|-30.2256|910.0524|915.4536|R_Astrodon_2018|2458446.933865741|180.0|21.2644|3.0729|35.3353|1.7247
321|2018-11-24|17:40:33|S4_0954+65-20181124@174032-R_Astrodon_2018_calib.fits|S4_0954+65|09 58 47.20|+65 33 55.0|149.6967|65.5653|986.2846|1114.7146|R_Astrodon_2018|2458447.2364930557|180.0|21.0666|2.8475|33.5035|1.7977
322|2018-11-24|17:43:50|S4_0954+65-20181124@174349-R_Astrodon_2018_calib.fits|S4_0954+65|09 58 47.20|+65 33 55.0|149.6967|65.5653|985.7933|1115.0551|R_Astrodon_2018|2458447.238773148|180.0|21.0843|2.7676|33.8273|1.7826
323|2018-11-24|16:55:54|S5_0716+71-20181124@165551-R_Astrodon_2018_calib.fits|S5_0716+71|07 21 53.40|+71 20 36.0|110.4725|71.3433|1023.3723|1027.6697|R_Astrodon_2018|2458447.2054861113|180.0|21.6110|2.6998|38.7633|1.5981
324|2018-11-24|16:59:12|S5_0716+71-20181124@165911-R_Astrodon_2018_calib.fits|S5_0716+71|07 21 53.40|+71 20 36.0|110.4725|71.3433|1024.2443|1029.0302|R_Astrodon_2018|2458447.2077777777|180.0|21.6088|2.6099|38.9267|1.5926
325|2018-11-29|19:27:44|3C273-20181129@192741-R_Astrodon_2018_calib.fits|3C273|12 29 06.70|+02 03 09.0|187.2779|2.0525|1048.2645|1065.0629|R_Astrodon_2018|2458452.310925926|180.0|20.7065|3.9968|22.9226|2.5047
326|2018-11-29|19:31:02|3C273-20181129@193101-R_Astrodon_2018_calib.fits|3C273|12 29 06.70|+02 03 09.0|187.2779|2.0525|1048.7582|1064.6679|R_Astrodon_2018|2458452.3132175924|180.0|20.8623|4.4232|23.6735|2.4314
327|2018-11-29|18:10:45|3C66A-20181129@181042-R_Astrodon_2018_calib.fits|3C66A|02 22 39.60|+43 02 08.0|35.6650|43.0356|1022.5003|1036.2740|R_Astrodon_2018|2458452.257465278|180.0|21.7075|3.4085|32.6415|1.8661
328|2018-11-29|18:14:04|3C66A-20181129@181403-R_Astrodon_2018_calib.fits|3C66A|02 22 39.60|+43 02 08.0|35.6650|43.0356|1022.9686|1037.2544|R_Astrodon_2018|2458452.2597685186|180.0|21.7064|3.4939|32.0346|1.8978
329|2018-11-29|19:35:12|4C29-45-20181129@193509-R_Astrodon_2018_calib.fits|4C29-45|11 59 31.80|+29 14 44.0|179.8825|29.2456|1002.7209|986.2095|R_Astrodon_2018|2458452.316111111|180.0|21.4268|3.7520|39.4565|1.5562
330|2018-11-29|19:38:31|4C29-45-20181129@193830-R_Astrodon_2018_calib.fits|4C29-45|11 59 31.80|+29 14 44.0|179.8825|29.2456|1002.8339|985.5047|R_Astrodon_2018|2458452.318414352|180.0|21.4738|3.0366|40.1760|1.5334
331|2018-11-29|19:05:36|4C71-07-20181129@190533-R_Astrodon_2018_calib.fits|4C71-07|08 41 24.30|+70 53 42.0|130.3512|70.8950|942.3155|1145.8505|R_Astrodon_2018|2458452.2955555557|180.0|21.6868|3.3353|41.8380|1.4942
332|2018-11-29|19:08:56|4C71-07-20181129@190855-R_Astrodon_2018_calib.fits|4C71-07|08 41 24.30|+70 53 42.0|130.3512|70.8950|943.0921|1147.2419|R_Astrodon_2018|2458452.2978703706|180.0|21.7072|3.1019|41.9198|1.4918
333|2018-11-29|18:18:11|AO0235+16-20181129@181808-R_Astrodon_2018_calib.fits|AO0235+16|02 38 38.90|+16 36 59.0|39.6621|16.6164|992.2841|1004.6843|R_Astrodon_2018|2458452.262627315|180.0|21.7130|3.8026|29.6342|2.0434
334|2018-11-29|18:21:30|AO0235+16-20181129@182129-R_Astrodon_2018_calib.fits|AO0235+16|02 38 38.90|+16 36 59.0|39.6621|16.6164|993.2149|1006.1424|R_Astrodon_2018|2458452.2649305556|180.0|21.6800|4.2121|28.8765|2.0929
335|2018-11-29|19:20:04|Mkn421-20181129@192001-R_Astrodon_2018_calib.fits|Mkn421|11 04 27.30|+38 12 32.0|166.1137|38.2089|1011.4762|1046.2952|R_Astrodon_2018|2458452.305601852|180.0|21.4371|3.3582|47.8676|1.3382
336|2018-11-29|19:23:30|Mkn421-20181129@192330-R_Astrodon_2018_calib.fits|Mkn421|11 04 27.30|+38 12 32.0|166.1137|38.2089|1010.3582|1045.5039|R_Astrodon_2018|2458452.307986111|180.0|21.4423|3.1025|48.5390|1.3245
337|2018-11-29|18:43:02|OJ248-20181129@184259-R_Astrodon_2018_calib.fits|OJ248|08 30 52.10|+24 11 00.0|127.7171|24.1833|1022.9343|1013.2631|R_Astrodon_2018|2458452.279884259|180.0|21.2497|3.2776|74.0020|1.0379
338|2018-11-29|18:46:20|OJ248-20181129@184619-R_Astrodon_2018_calib.fits|OJ248|08 30 52.10|+24 11 00.0|127.7171|24.1833|1022.3477|1014.2650|R_Astrodon_2018|2458452.282175926|180.0|21.2528|3.2038|74.7566|1.0341
339|2018-11-29|18:49:55|OJ287-20181129@184954-R_Astrodon_2018_calib.fits|OJ287|08 54 48.90|+20 06 31.0|133.7037|20.1086|1030.1634|1016.4598|R_Astrodon_2018|2458452.284664352|180.0|21.7788|2.8884|69.5532|1.0640
340|2018-11-29|18:53:12|OJ287-20181129@185311-R_Astrodon_2018_calib.fits|OJ287|08 54 48.90|+20 06 31.0|133.7037|20.1086|1029.3354|1017.3295|R_Astrodon_2018|2458452.2869444443|180.0|21.7571|2.9649|70.3047|1.0590
341|2018-11-29|18:57:13|OJ49-20181129@185710-R_Astrodon_2018_calib.fits|OJ49|08 31 48.90|+04 29 39.0|127.9537|4.4942|1043.7086|1027.5052|R_Astrodon_2018|2458452.2897337964|180.0|21.2323|3.2805|66.6160|1.0872
342|2018-11-29|19:00:32|OJ49-20181129@190031-R_Astrodon_2018_calib.fits|OJ49|08 31 48.90|+04 29 39.0|127.9537|4.4942|1042.4562|1029.4474|R_Astrodon_2018|2458452.292037037|180.0|21.1959|3.7456|67.0756|1.0836
343|2018-11-29|19:42:03|ON231-20181129@194203-R_Astrodon_2018_calib.fits|ON231|12 21 31.70|+28 13 59.0|185.3821|28.2331|1027.3999|1035.1392|R_Astrodon_2018|2458452.3208680553|180.0|21.3638|3.1497|36.0261|1.6783
344|2018-11-29|18:35:44|PKS0735+17-20181129@183541-R_Astrodon_2018_calib.fits|PKS0735+17|07 38 07.40|+17 42 19.0|114.5308|17.7053|1020.4289|1024.3907|R_Astrodon_2018|2458452.274814815|180.0|21.6836|3.1921|81.8722|1.0094
345|2018-11-29|18:39:02|PKS0735+17-20181129@183902-R_Astrodon_2018_calib.fits|PKS0735+17|07 38 07.40|+17 42 19.0|114.5308|17.7053|1019.1328|1027.3339|R_Astrodon_2018|2458452.2771064816|180.0|21.6861|3.2837|82.3980|1.0082
346|2018-11-29|19:12:37|S4_0954+65-20181129@191236-R_Astrodon_2018_calib.fits|S4_0954+65|09 58 47.20|+65 33 55.0|149.6967|65.5653|964.8630|1111.9322|R_Astrodon_2018|2458452.3004282406|180.0|21.1554|2.9744|43.1725|1.4546
347|2018-11-29|19:15:54|S4_0954+65-20181129@191553-R_Astrodon_2018_calib.fits|S4_0954+65|09 58 47.20|+65 33 55.0|149.6967|65.5653|964.2721|1112.5866|R_Astrodon_2018|2458452.3027083334|180.0|21.1519|3.1239|43.3976|1.4486
348|2018-11-29|18:27:15|S5_0716+71-20181129@182712-R_Astrodon_2018_calib.fits|S5_0716+71|07 21 53.40|+71 20 36.0|110.4725|71.3433|1023.0863|1026.8723|R_Astrodon_2018|2458452.268923611|180.0|21.6819|3.3872|42.0646|1.4936
349|2018-11-29|18:30:33|S5_0716+71-20181129@183032-R_Astrodon_2018_calib.fits|S5_0716+71|07 21 53.40|+71 20 36.0|110.4725|71.3433|1023.1927|1029.3165|R_Astrodon_2018|2458452.2712152777|180.0|21.6865|3.2541|42.0862|1.4930
350|2018-11-30|11:32:05|3C371-20181130@113202-R_Astrodon_2018_calib.fits|3C371|18 06 50.70|+69 49 28.0|271.7112|69.8244|1019.9021|1029.7175|R_Astrodon_2018|2458452.980613426|180.0|20.8487|4.3303|21.4480|2.7492
351|2018-11-30|11:35:46|3C371-20181130@113542-R_Astrodon_2018_calib.fits|3C371|18 06 50.70|+69 49 28.0|271.7112|69.8244|1021.2947|1029.9186|R_Astrodon_2018|2458452.9831712963|180.0|20.3495|3.4339|21.1347|2.7880
352|2018-11-30|12:00:50|3C454-3-20181130@120049-R_Astrodon_2018_calib.fits|3C454-3|22 53 57.70|+16 08 54.0|343.4904|16.1483|1028.3296|1010.4102|R_Astrodon_2018|2458453.000578704|180.0|20.9328|2.8939|63.6993|1.1196
353|2018-11-30|12:04:07|3C454-3-20181130@120407-R_Astrodon_2018_calib.fits|3C454-3|22 53 57.70|+16 08 54.0|343.4904|16.1483|1028.6003|1011.5053|R_Astrodon_2018|2458453.002858796|180.0|20.9372|2.6978|62.9578|1.1271
354|2018-11-30|12:24:58|3C66A-20181130@122455-R_Astrodon_2018_calib.fits|3C66A|02 22 39.60|+43 02 08.0|35.6650|43.0356|1021.6601|1026.5467|R_Astrodon_2018|2458453.017337963|180.0|21.7804|3.1515|64.8071|1.1032
355|2018-11-30|12:28:18|3C66A-20181130@122817-R_Astrodon_2018_calib.fits|3C66A|02 22 39.60|+43 02 08.0|35.6650|43.0356|1021.3977|1028.2993|R_Astrodon_2018|2458453.019652778|180.0|21.7754|2.9019|65.2347|1.0994
356|2018-11-30|12:32:52|AO0235+16-20181130@123249-R_Astrodon_2018_calib.fits|AO0235+16|02 38 38.90|+16 36 59.0|39.6621|16.6164|1056.3438|999.2883|R_Astrodon_2018|2458453.022824074|180.0|21.8813|2.7098|68.9342|1.0680
357|2018-11-30|12:36:10|AO0235+16-20181130@123609-R_Astrodon_2018_calib.fits|AO0235+16|02 38 38.90|+16 36 59.0|39.6621|16.6164|1055.2777|1000.8400|R_Astrodon_2018|2458453.025115741|180.0|21.8841|2.7946|69.6654|1.0630
358|2018-11-30|11:53:58|CTA102-20181130@115355-R_Astrodon_2018_calib.fits|CTA102|22 32 36.40|+11 43 51.0|338.1517|11.7308|1075.9696|863.0945|R_Astrodon_2018|2458452.995810185|180.0|21.2780|2.9275|58.7199|1.1756
359|2018-11-30|11:57:16|CTA102-20181130@115715-R_Astrodon_2018_calib.fits|CTA102|22 32 36.40|+11 43 51.0|338.1517|11.7308|1076.3066|864.0953|R_Astrodon_2018|2458452.998101852|180.0|21.2761|2.9123|57.9919|1.1851
360|2018-11-30|12:15:56|ES2344+514-20181130@121553-R_Astrodon_2018_calib.fits|ES2344+514|23 47 04.00|+51 42 18.0|356.7667|51.7050|1026.7153|994.4733|R_Astrodon_2018|2458453.011064815|180.0|21.8133|2.8944|58.7542|1.1726
361|2018-11-30|12:19:15|ES2344+514-20181130@121915-R_Astrodon_2018_calib.fits|ES2344+514|23 47 04.00|+51 42 18.0|356.7667|51.7050|1026.5478|994.8472|R_Astrodon_2018|2458453.0133680557|180.0|21.8137|2.8780|58.4764|1.1762
362|2018-11-30|12:08:28|L-Lacertae-20181130@120825-R_Astrodon_2018_calib.fits|L-Lacertae|22 02 43.30|+42 16 40.0|330.6804|42.2778|1067.0393|1036.0792|R_Astrodon_2018|2458453.0058796294|180.0|21.5734|3.0030|50.8240|1.2971
363|2018-11-30|12:11:47|L-Lacertae-20181130@121147-R_Astrodon_2018_calib.fits|L-Lacertae|22 02 43.30|+42 16 40.0|330.6804|42.2778|1066.9131|1038.1256|R_Astrodon_2018|2458453.00818287|180.0|21.5705|3.0772|50.2295|1.3085
364|2018-11-30|11:46:21|PKS2155-304-20181130@114618-R_Astrodon_2018_calib.fits|PKS2155-304|21 58 52.00|-30 13 32.0|329.7167|-30.2256|1029.0111|1021.1060|R_Astrodon_2018|2458452.9905208335|180.0|20.6978|4.4381|25.6010|2.3202
365|2018-11-30|11:49:39|PKS2155-304-20181130@114939-R_Astrodon_2018_calib.fits|PKS2155-304|21 58 52.00|-30 13 32.0|329.7167|-30.2256|1031.3138|1019.4341|R_Astrodon_2018|2458452.9928125|180.0|20.4978|4.4612|25.1596|2.3588
