,Star,RA_hhmmss,DEC_ddmmss,V,B-V,U-B,V-R,R-I,V-I,n,m,e_V,e_B-V,e_U-B,e_V-R,e_R-I,e_V-I,RA_deg,DEC_deg,R,dxy_deg
0,SA 38-310,18 50 48.873,+45 08 43.50,10.489,1.2590000000000001,1.4069999999999998,0.6509999999999999,+0.555,+1.212,11,6,0.0005,0.0005,0.0005,0.0006,0.0005,0.0006,282.70363749999996,45.14541666666667,9.838000000000001,69.60283841235444
1,GD 251,23 34 20.865,+29 18 36.99,15.745,-0.182,-1.003,-0.068,-0.171,-0.236,2,1,0.0198,0.0205,0.0071,0.0085,0.0424,0.0325,353.5869375,29.310275,15.812999999999999,71.43784348655103
2,GD 405A,23 16 44.966,+47 26 59.90,15.615,1.063,1.3259999999999998,0.6629999999999999,+0.579,+1.243,1,1, ... , ... , ... , ... , ... , ... ,349.1873583333333,47.44997222222222,14.952,71.4903212422394
3,SA 41-204,21 54 31.607,+45 13 51.39,10.972999999999999,1.743,2.064,1.075,+1.163,+2.242,17,8,0.0033,0.0016,0.0075,0.0012,0.0011,0.0020,328.63169583333325,45.230941666666666,9.898,71.49781592557028
4,GD 405,23 16 43.875,+47 27 15.57,16.750999999999998,-0.166,-0.8109999999999999,-0.517, ... , ... ,2,1,0.0071,0.0057,0.0170,0.0071, ... , ... ,349.18281249999995,47.454325000000004,17.267999999999997,71.50815839620893
5,SA 41-190,21 54 18.195,+45 15 22.57,10.367,0.289,0.07400000000000001,0.165,+0.166,+0.332,17,8,0.0012,0.0008,0.0009,0.0004,0.0004,0.0010,328.5758124999999,45.25626944444444,10.202000000000002,71.5249407383002
6,SA 41-179,21 54 10.448,+45 16 31.11,11.868,0.498,0.177,0.29100000000000004,+0.296,+0.586,9,4,0.0017,0.0014,0.0029,0.0011,0.0019,0.0004,328.54353333333324,45.275308333333335,11.577,71.64651812788905
7,SA 41-182,21 54 12.587,+45 14 36.50,9.969,0.307,0.159,0.182,+0.197,+0.381,15,8,0.0009,0.0011,0.0007,0.0006,0.0010,0.0012,328.55244583333325,45.24347222222222,9.786999999999999,71.64989272827434
8,SA 41-639,21 53 33.743,+45 34 20.95,14.13,1.32,1.045,0.754,+0.716,+1.472,17,8,0.0006,0.0015,0.0118,0.0027,0.0017,0.0032,328.3905958333333,45.57248611111111,13.376000000000001,71.67270915818128
9,GD 391,20 29 56.177,+39 13 32.19,13.378,-0.151,-0.972,-0.12,-0.136,-0.256,27,13,0.0005,0.0011,0.0017,0.0009,0.0018,0.0018,307.4840708333333,39.225608333333334,13.498,71.68334980414366
10,SA 41-674,21 54 07.517,+45 32 07.05,14.56,1.051,0.831,0.664,+0.595,+1.260,9,4,0.0030,0.0033,0.0101,0.0052,0.0011,0.0065,328.5313208333333,45.535291666666666,13.896,71.6845228067869
11,SA 41-631,21 53 24.561,+45 35 45.09,13.39,0.24600000000000002,-0.106,0.16699999999999998,+0.196,+0.374,27,12,0.0014,0.0010,0.0018,0.0009,0.0011,0.0013,328.3523374999999,45.59585833333333,13.223,71.70494287865847
12,SA 41-638,21 53 32.591,+45 37 00.50,14.045,0.736,0.131,0.436,+0.461,+0.894,2,1,0.0021,0.0049,0.0304,0.0064,0.0177,0.0113,328.38579583333325,45.61680555555556,13.609,71.71341099067764
13,SA 41-660,21 53 56.878,+45 32 23.66,12.804,0.225,0.081,0.147,+0.169,+0.319,25,11,0.0015,0.0014,0.0015,0.0005,0.0012,0.0015,328.4869916666666,45.539905555555556,12.657,71.73079181935958
14,SA 41-673,21 54 07.165,+45 32 38.06,14.097999999999999,0.235,-0.198,0.155,+0.180,+0.334,33,15,0.0014,0.0018,0.0023,0.0019,0.0031,0.0019,328.5298541666666,45.543905555555554,13.943,71.73196467139354
15,SA 41-637,21 53 30.416,+45 36 11.04,14.425999999999998,1.199,0.8,0.69,+0.673,+1.360,20,10,0.0013,0.0012,0.0103,0.0015,0.0025,0.0034,328.3767333333333,45.60306666666667,13.735999999999999,71.75284905808863
16,SA 41-171,21 54 04.972,+45 13 13.57,11.144,0.315,0.185,0.18100000000000002,+0.206,+0.388,14,7,0.0018,0.0017,0.0006,0.0013,0.0010,0.0011,328.5207166666666,45.22043611111111,10.963000000000001,71.75763903702556
17,SA 41-634,21 53 27.209,+45 35 40.95,13.164000000000001,0.738,0.217,0.44799999999999995,+0.455,+0.902,14,7,0.0006,0.0015,0.0019,0.0010,0.0026,0.0025,328.3633708333333,45.59470833333334,12.716000000000001,71.7590833470269
18,SA 41-625,21 53 17.295,+45 35 14.74,14.205,0.8759999999999999,0.373,0.496,+0.509,+1.006,2,1,0.0071,0.0156,0.0212,0.0071,0.0064,0.0014,328.32206249999996,45.58742777777778,13.709,71.76920584509794
19,GD 391D,20 29 54.035,+39 13 43.44,15.012,0.9940000000000001,0.48100000000000004,0.57,+0.549,+1.125,14,7,0.0045,0.0025,0.0097,0.0033,0.0057,0.0066,307.4751458333333,39.22873333333334,14.442,71.79868541303956
20,SA 41-654,21 53 52.663,+45 33 07.25,10.038,0.619,0.207,0.344,+0.312,+0.658,13,6,0.0003,0.0008,0.0023,0.0004,0.0007,0.0008,328.4694291666666,45.55201388888889,9.694,71.80620565612246
21,GD 391B,20 29 51.196,+39 14 20.33,12.71,0.58,0.2,0.344,+0.352,+0.696,16,9,0.0004,0.0015,0.0028,0.0007,0.0015,0.0012,307.4633166666667,39.23898055555556,12.366000000000001,71.8226110747493
22,GD 391C,20 30 02.922,+39 15 03.75,11.463,0.76,0.608,0.44799999999999995,+0.497,+0.937,12,6,0.0012,0.0009,0.0037,0.0010,0.0008,0.0007,307.51217499999996,39.251041666666666,11.014999999999999,71.82726598144703
23,SA 41-630,21 53 23.508,+45 38 17.36,14.985999999999999,1.0390000000000001,0.787,0.593,+0.513,+1.105,2,1,0.0163,0.0297,0.0035,0.0141,0.0007,0.0141,328.34794999999997,45.63815555555556,14.392999999999999,71.83431441637119
24,SA 41-626,21 53 17.263,+45 37 24.48,14.058,0.9109999999999999,0.687,0.509,+0.451,+0.954,2,1,0.0057,0.0035,0.0460,0.0078,0.0035,0.0035,328.3219291666666,45.623466666666666,13.549,71.84343637221943
25,SA 41-620,21 53 11.306,+45 36 21.13,14.175999999999998,0.77,0.305,0.46799999999999997,+0.475,+0.940,2,1,0.0071,0.0049,0.0099,0.0085,0.0057,0.0028,328.2971083333333,45.605869444444444,13.707999999999998,71.90905597824957
26,GD 391A,20 29 55.304,+39 14 13.08,12.315,0.41,0.205,0.23600000000000002,+0.261,+0.494,15,9,0.0017,0.0015,0.0020,0.0009,0.0009,0.0011,307.48043333333334,39.23696666666667,12.078999999999999,71.93358617048936
27,GD 391G,20 29 45.987,+39 16 34.95,13.675,0.8,0.314,0.451,+0.440,+0.893,8,4,0.0016,0.0023,0.0134,0.0016,0.0020,0.0008,307.44161249999996,39.276375,13.224,72.0073690782942
28,GD 391F,20 29 37.183,+39 17 17.58,12.5,0.544,0.048,0.32899999999999996,+0.331,+0.660,10,5,0.0011,0.0023,0.0026,0.0012,0.0007,0.0014,307.40492916666665,39.28821666666666,12.171,72.00890030733093
29,GD 391E,20 29 43.642,+39 17 17.98,12.409,0.56,0.043,0.326,+0.314,+0.642,14,7,0.0007,0.0008,0.0020,0.0008,0.0012,0.0010,307.4318416666666,39.28832777777777,12.083,72.03356511183534
30,GD 391H,20 29 45.496,+39 18 14.26,14.365,0.723,0.183,0.41700000000000004,+0.396,+0.814,8,4,0.0007,0.0006,0.0042,0.0016,0.0069,0.0068,307.4395666666666,39.30396111111111,13.948,72.05456810454318
31,SA 38-312,18 50 50.491,+45 09 36.42,12.171,1.29,1.187,0.706,+0.666,+1.374,9,5,0.0007,0.0023,0.0022,0.0007,0.0009,0.0007,282.7103791666666,45.16011666666667,11.465,72.06704415414146
32,SA 38-157,18 50 46.519,+45 06 11.51,15.213,1.036,0.831,0.57,+0.523,+1.094,9,5,0.0012,0.0019,0.0086,0.0007,0.0037,0.0033,282.6938291666666,45.10319722222222,14.642999999999999,81.60885803409545
33,SA 38-309,18 50 45.291,+45 07 42.19,12.798,0.682,0.195,0.38299999999999995,+0.372,+0.753,7,4,0.0038,0.0023,0.0083,0.0023,0.0038,0.0023,282.68871249999995,45.12838611111111,12.415000000000001,81.6435536706064
34,SA 38-156,18 50 46.158,+45 05 52.97,15.357999999999999,0.579,-0.069,0.35600000000000004,+0.368,+0.712,12,7,0.0007,0.0031,0.0027,0.0036,0.0039,0.0087,282.692325,45.09804722222223,15.001999999999999,81.69423634119082
35,SA 38-304,18 50 36.293,+45 09 06.83,14.514000000000001,0.595,0.068,0.294,+0.364,+0.657,1,1, ... , ... , ... , ... , ... , ... ,282.6512208333333,45.15189722222222,14.22,82.8873739842401
36,SA 38-149,18 50 41.729,+45 06 37.02,15.186,0.639,0.11,0.33899999999999997,+0.317,+0.657,1,1, ... , ... , ... , ... , ... , ... ,282.6738708333333,45.110283333333335,14.847,83.48274442609218
37,SA 38-303,18 50 34.221,+45 07 26.48,15.062000000000001,0.618,0.09300000000000001,0.33399999999999996,+0.413,+0.746,1,1, ... , ... , ... , ... , ... , ... ,282.64258749999993,45.12402222222222,14.728000000000002,84.87955397963698
38,SA 38-302,18 50 33.197,+45 10 43.05,15.460999999999999,0.932,0.53,0.528,+0.430,+0.955,1,1, ... , ... , ... , ... , ... , ... ,282.6383208333333,45.178625,14.932999999999998,88.97678594733317
39,SA 38-382,18 48 53.856,+45 25 29.95,11.350999999999999,0.586,0.141,0.32899999999999996,+0.313,+0.645,4,2,0.0025,0.0006,0.0029,0.0006,0.0025,0.0018,282.22439999999995,45.42498611111111,11.021999999999998,92.62481330189046
40,SA 38-375,18 48 47.091,+45 24 19.78,11.556,0.584,0.086,0.326,+0.312,+0.643,4,2,0.0013,0.0014,0.0007,0.0013,0.0012,0.0007,282.1962125,45.40549444444444,11.229999999999999,94.01128286005485
41,SA 38-297,18 50 27.011,+45 07 55.90,14.395,0.61,0.13699999999999998,0.34600000000000003,+0.350,+0.696,2,1,0.0021,0.0007,0.0226,0.0042,0.0014,0.0035,282.6125458333333,45.132194444444444,14.049,95.05439744293064
42,SA 38-298,18 50 31.101,+45 09 37.03,15.220999999999998,0.594,0.11599999999999999,0.386,+0.361,+0.749,1,1, ... , ... , ... , ... , ... , ... ,282.6295874999999,45.16028611111111,14.834999999999999,95.06455026420436
43,SA 38-253,18 49 04.397,+45 14 13.70,10.774000000000001,0.35700000000000004,0.025,0.223,+0.204,+0.428,9,4,0.0006,0.0005,0.0005,0.0005,0.0012,0.0006,282.2683208333333,45.23713888888889,10.551,95.10962446593061
44,SA 38-138,18 50 25.534,+45 06 06.38,14.319,0.7140000000000001,0.27,0.38799999999999996,+0.369,+0.762,9,5,0.0016,0.0018,0.0065,0.0014,0.0014,0.0027,282.60639166666664,45.10177222222222,13.931000000000001,95.16121281973292
45,SA 38-270,18 49 40.787,+45 09 07.01,10.927,0.289,0.085,0.16399999999999998,+0.173,+0.320,10,5,0.0016,0.0012,0.0025,0.0007,0.0007,0.0005,282.41994583333326,45.15194722222222,10.763,95.17901869443608
46,SA 38-273,18 49 46.591,+45 13 32.23,10.870999999999999,1.2690000000000001,1.285,0.675,+0.617,+1.298,9,4,0.0006,0.0006,0.0015,0.0010,0.0005,0.0007,282.44412916666664,45.22561944444445,10.195999999999998,95.18911581667257
47,SA 38-137,18 50 24.265,+45 06 09.47,13.517000000000001,0.736,0.317,0.41100000000000003,+0.370,+0.785,7,4,0.0013,0.0014,0.0014,0.0035,0.0040,0.0007,282.6011041666666,45.10263055555556,13.106000000000002,95.1902478941683
48,SA 38-269,18 49 37.723,+45 14 24.01,11.27,1.157,1.2,0.62,+0.548,+1.168,9,4,0.0011,0.0012,0.0007,0.0007,0.0005,0.0007,282.40717916666665,45.24000277777778,10.65,95.24607730266246
49,SA 38-377,18 48 47.755,+45 20 23.44,10.450999999999999,0.9670000000000001,0.778,0.521,+0.458,+0.976,4,2,0.0006,0.0007,0.0031,0.0025,0.0018,0.0018,282.1989791666666,45.339844444444445,9.929999999999998,95.32290208766007
50,SA 38-365,18 48 32.505,+45 25 10.85,11.625,1.205,1.3090000000000002,0.616,+0.546,+1.160,8,4,0.0006,0.0014,0.0006,0.0005,0.0006,0.0010,282.1354375,45.41968055555555,11.009,96.7536288339364
51,SA 38-358,18 48 23.004,+45 23 22.35,9.854,1.1320000000000001,1.186,0.583,+0.509,+1.095,9,4,0.0006,0.0015,0.0025,0.0018,0.0008,0.0012,282.09585,45.389541666666666,9.270999999999999,96.76502251177783
52,SA 38-326,18 47 40.515,+45 24 39.37,9.947000000000001,0.287,0.071,0.171,+0.193,+0.349,8,4,0.0007,0.0016,0.0013,0.0018,0.0007,0.0006,281.9188125,45.41093611111111,9.776000000000002,96.77967911644616
53,SA 38-178,18 47 35.701,+45 10 34.03,12.405,0.7240000000000001,0.175,0.43,+0.416,+0.845,12,6,0.0009,0.0009,0.0028,0.0010,0.0007,0.0006,281.89875416666666,45.176119444444446,11.975,96.79434924542811
54,SA 38-177,18 47 34.575,+45 10 53.55,10.85,0.442,0.015,0.27,+0.262,+0.533,12,7,0.0005,0.0005,0.0025,0.0010,0.0010,0.0012,281.89406249999996,45.18154166666667,10.58,97.33473824182678
55,GD 378B,18 23 45.477,+41 05 47.88,13.392999999999999,0.69,0.156,0.409,+0.402,+0.809,14,5,0.0562,0.0035,0.0068,0.0019,0.0022,0.0034,275.9394874999999,41.09663333333334,12.983999999999998,98.07966103861324
56,SA 38-391,18 49 07.115,+45 19 16.77,8.575,1.266,1.4409999999999998,0.6579999999999999,+0.577,+1.235,2,1,0.0014,0.0021,0.0057,0.0035,0.0035,0.0007,282.2796458333333,45.321325,7.917,98.47081493610453
57,GD 378C,18 23 50.120,+41 06 43.94,11.770999999999999,0.612,0.13699999999999998,0.355,+0.339,+0.697,10,4,0.0008,0.0006,0.0009,0.0004,0.0014,0.0014,275.9588333333333,41.112205555555555,11.415999999999999,99.71095405611752
58,GD 378A,18 23 30.902,+41 04 10.27,13.475,0.617,0.14,0.348,+0.330,+0.682,16,8,0.0018,0.0017,0.0011,0.0010,0.0011,0.0011,275.8787583333333,41.069519444444445,13.126999999999999,101.30837661452077
59,GD 378,18 23 37.012,+41 04 02.55,14.288,-0.08,-0.9620000000000001,-0.036000000000000004,-0.043,-0.091,17,8,0.0005,0.0009,0.0020,0.0017,0.0037,0.0032,275.9042166666666,41.067375000000006,14.324,105.71227273836308
60,PG1648+536C,16 50 07.599,+53 28 49.30,13.52,0.9570000000000001,0.722,0.5489999999999999,+0.483,+1.031,10,5,0.0024,0.0007,0.0060,0.0007,0.0017,0.0013,252.53166249999995,53.480361111111115,12.971,108.53202892582509
61,PG1648+536D,16 50 11.586,+53 26 59.73,12.245999999999999,0.637,0.10300000000000001,0.37200000000000005,+0.361,+0.733,7,4,0.0026,0.0038,0.0064,0.0015,0.0019,0.0026,252.54827499999993,53.44992499999999,11.873999999999999,108.56250673397739
62,PG1648+536B,16 50 01.154,+53 29 14.64,14.047,0.611,0.052000000000000005,0.377,+0.372,+0.751,10,5,0.0007,0.0067,0.0042,0.0039,0.0026,0.0041,252.50480833333327,53.4874,13.67,108.76128773172233
63,PG1648+536E,16 49 48.175,+53 31 30.23,15.152000000000001,0.6679999999999999,0.172,0.40700000000000003,+0.326,+0.736,2,1,0.0007,0.0113,0.0071,0.0120,0.0184,0.0304,252.4507291666666,53.52506388888889,14.745000000000001,108.76287938223554
64,GD 358B,16 47 23.224,+32 23 37.16,12.57,0.677,0.215,0.37799999999999995,+0.361,+0.735,11,6,0.0020,0.0010,0.0013,0.0016,0.0028,0.0025,251.84676666666667,32.393655555555554,12.192,108.76972304442039
65,PG1648+536,16 49 59.853,+53 31 31.75,14.05,-0.215,-1.024,-0.09,-0.126,-0.214,13,6,0.0026,0.0014,0.0028,0.0025,0.0042,0.0034,252.49938749999995,53.52548611111111,14.14,108.7699504911951
66,GD 358A,16 47 22.314,+32 25 31.30,13.495999999999999,0.943,0.747,0.569,+0.485,+1.056,12,6,0.0022,0.0025,0.0022,0.0018,0.0011,0.0023,251.842975,32.42536111111111,12.927,108.77479726155035
67,PG1648+536A,16 49 57.450,+53 30 18.56,14.329,0.7440000000000001,0.299,0.415,+0.387,+0.799,13,6,0.0051,0.0025,0.0057,0.0032,0.0037,0.0054,252.48937499999997,53.505155555555554,13.914000000000001,108.78944783396366
68,SA 35-526,15 54 19.828,+44 55 06.78,9.024,1.055,1.002,0.541,+0.496,+1.035,6,3,0.0011,0.0029,0.0050,0.0019,0.0008,0.0023,238.58261666666664,44.918549999999996,8.482999999999999,108.79806640155428
69,KUV 433-03,16 38 26.317,+35 00 11.86,14.902000000000001,-0.255,-1.062,-0.111,-0.148,-0.255,7,3,0.0007,0.0007,0.0007,0.0018,0.0007,0.0027,249.60965416666662,35.00329444444444,15.013000000000002,108.80029795825978
70,SA 35-518,15 53 28.862,+44 57 30.75,9.258,0.156,0.107,0.062,+0.086,+0.157,5,3,0.0013,0.0011,0.0011,0.0007,0.0019,0.0016,238.37025833333328,44.95854166666667,9.196,108.80316172093627
71,SA 35-267,15 52 24.277,+44 26 00.06,16.093,0.596,-0.008,0.354,+0.345,+0.698,8,4,0.0021,0.0021,0.0076,0.0038,0.0117,0.0097,238.10115416666665,44.43335,15.739,108.81192287532117
72,GD 358,16 47 18.358,+32 28 32.93,13.652999999999999,-0.12300000000000001,-1.0190000000000001,-0.099,-0.097,-0.199,13,6,0.0095,0.0036,0.0041,0.0040,0.0029,0.0060,251.82649166666664,32.475813888888894,13.751999999999999,108.81590256618762
73,SA 35-539,15 55 13.789,+44 58 15.44,12.92,0.778,0.42,0.45,+0.407,+0.858,12,6,0.0010,0.0018,0.0013,0.0007,0.0012,0.0015,238.80745416666664,44.970955555555555,12.47,108.82706639779876
74,KUV 433-03A,16 38 27.812,+34 59 46.59,15.578,1.2229999999999999,1.274,0.741,+0.613,+1.356,5,2,0.0010,0.0073,0.0063,0.0018,0.0014,0.0006,249.6158833333333,34.996275000000004,14.837,108.84499326508475
75,SA 35-535,15 55 00.665,+44 59 20.41,9.12,1.251,1.413,0.66,+0.581,+1.241,4,3,0.0025,0.0011,0.0038,0.0011,0.0006,0.0011,238.7527708333333,44.98900277777778,8.459999999999999,108.85584993034749
76,SA 35-266,15 52 23.534,+44 30 23.32,12.913,1.056,0.9790000000000001,0.569,+0.506,+1.075,10,5,0.0007,0.0014,0.0007,0.0010,0.0017,0.0017,238.0980583333333,44.506477777777775,12.344000000000001,108.85855509251962
77,SA 35-265,15 52 13.784,+44 28 55.85,16.039,0.517,-0.091,0.363,+0.341,+0.677,8,4,0.0046,0.0063,0.0041,0.0007,0.0091,0.0116,238.0574333333333,44.48218055555556,15.676000000000002,108.86544556703662
78,SA 35-264,15 52 12.896,+44 28 30.81,13.775,0.828,0.499,0.457,+0.401,+0.857,6,3,0.0045,0.0029,0.0086,0.0020,0.0029,0.0045,238.05373333333333,44.475225,13.318,108.93547056753802
79,SA 35-261,15 52 04.173,+44 24 58.31,12.126,1.508,1.8980000000000001,0.86,+0.884,+1.740,25,11,0.0009,0.0006,0.0031,0.0007,0.0006,0.0004,238.01738749999998,44.41619722222222,11.266,108.99568560085144
80,SA 35-262,15 52 05.049,+44 26 00.66,12.835,0.499,-0.032,0.299,+0.307,+0.609,19,10,0.0006,0.0008,0.0006,0.0009,0.0014,0.0012,238.02103749999998,44.43351666666666,12.536000000000001,109.01075630807357
81,SA 35-492,15 50 38.980,+45 00 37.36,9.829,0.556,0.013000000000000001,0.332,+0.329,+0.658,10,5,0.0008,0.0009,0.0011,0.0013,0.0020,0.0006,237.66241666666664,45.01037777777778,9.497,109.04442756866601
82,SA 35-338,15 51 50.503,+44 41 51.75,9.605,0.371,-0.015,0.221,+0.225,+0.456,12,6,0.0012,0.0004,0.0011,0.0011,0.0017,0.0004,237.96042916666664,44.69770833333333,9.384,109.06039511172621
83,SA 35-263,15 52 05.068,+44 30 01.39,13.552,0.833,0.503,0.46399999999999997,+0.423,+0.894,8,4,0.0018,0.0007,0.0037,0.0019,0.0007,0.0022,238.02111666666667,44.50038611111111,13.088,109.06403108218899
84,SA 35-339,15 51 54.385,+44 32 29.14,12.775,0.5539999999999999,0.027999999999999997,0.336,+0.329,+0.662,4,2,0.0020,0.0030,0.0044,0.0032,0.0007,0.0027,237.97660416666662,44.54142777777778,12.439,109.06521061687255
85,SA 35-318,15 50 01.814,+44 33 04.74,11.807,0.18,0.124,0.129,+0.159,+0.286,19,10,0.0012,0.0010,0.0006,0.0009,0.0004,0.0010,237.50755833333332,44.551316666666665,11.678,109.12854263962089
86,SA 35-343,15 51 57.200,+44 35 26.22,10.87,0.433,-0.063,0.271,+0.254,+0.529,11,6,0.0007,0.0012,0.0013,0.0018,0.0005,0.0010,237.9883333333333,44.59061666666667,10.598999999999998,109.12954580817792
87,SA 35-341,15 51 56.722,+44 33 24.64,12.565,0.5589999999999999,0.006999999999999999,0.337,+0.330,+0.670,18,9,0.0022,0.0011,0.0021,0.0013,0.0009,0.0018,237.98634166666665,44.556844444444444,12.228,109.13563024318289
88,SA 35-491,15 50 33.186,+44 58 06.22,11.539000000000001,0.915,0.6629999999999999,0.509,+0.457,+0.964,13,7,0.0010,0.0009,0.0039,0.0014,0.0009,0.0015,237.63827499999996,44.96839444444445,11.030000000000001,109.14819343409837
89,SA 35-245,15 49 49.958,+44 31 19.49,7.686,0.111,0.10099999999999999,0.055,+0.046,+0.097,2,1,0.0021,0.0035,0.0014,0.0035,0.0014,0.0014,237.4581583333333,44.522080555555554,7.631,109.2200188900776
90,SA 35-316,15 49 41.176,+44 35 23.77,9.953,0.462,0.061,0.282,+0.279,+0.559,16,8,0.0012,0.0006,0.0006,0.0010,0.0009,0.0007,237.42156666666662,44.589936111111115,9.671,109.2249804714801
91,SA 35-243,15 49 49.168,+44 27 53.56,12.011,0.542,-0.016,0.319,+0.319,+0.648,8,4,0.0005,0.0022,0.0006,0.0007,0.0011,0.0014,237.45486666666665,44.46487777777778,11.691999999999998,109.240469155149
92,PG1430+427B,14 32 46.756,+42 32 19.21,12.039000000000001,0.9,0.664,0.483,+0.428,+0.910,7,4,0.0034,0.0015,0.0042,0.0023,0.0008,0.0026,218.19481666666664,42.538669444444444,11.556000000000001,109.24490467582373
93,PG1430+427,14 32 33.889,+42 30 19.07,14.218,-0.14800000000000002,-0.669,-0.057999999999999996,-0.067,-0.130,12,6,0.0012,0.0012,0.0018,0.0024,0.0014,0.0014,218.14120416666663,42.505297222222225,14.276,109.35688994729655
94,PG1430+427A,14 32 39.438,+42 30 40.02,11.907,0.759,0.402,0.419,+0.378,+0.794,9,5,0.0007,0.0025,0.0019,0.0012,0.0014,0.0013,218.16432499999996,42.511116666666666,11.488,109.40775355026321
95,GD 363,17 38 35.667,+41 52 31.69,15.286,-0.10800000000000001,-0.894,-0.126,-0.153,-0.272,21,12,0.0017,0.0017,0.0025,0.0022,0.0150,0.0122,264.64861249999996,41.87546944444445,15.411999999999999,111.09584213193413
96,GD 363D,17 38 47.885,+41 54 09.16,13.804,0.586,-0.011000000000000001,0.35,+0.357,+0.705,11,6,0.0014,0.0011,0.0031,0.0021,0.0042,0.0052,264.6995208333333,41.902544444444445,13.454,111.1242761927699
97,GD 363A,17 38 35.039,+41 53 58.16,12.9,1.013,0.8340000000000001,0.542,+0.497,+1.040,21,12,0.0006,0.0011,0.0015,0.0010,0.0010,0.0021,264.6459958333333,41.89948888888889,12.358,111.14736648064823
98,GD 363B,17 38 33.790,+41 53 30.66,15.058,1.163,1.075,0.73,+0.635,+1.371,23,13,0.0022,0.0034,0.0218,0.0021,0.0034,0.0033,264.64079166666664,41.89185,14.328,111.1477168916419
99,GD 363C,17 38 26.523,+41 53 20.52,15.504000000000001,0.59,0.009000000000000001,0.34600000000000003,+0.294,+0.641,14,7,0.0041,0.0028,0.0072,0.0055,0.0193,0.0241,264.61051249999997,41.88903333333333,15.158000000000001,111.17556091635605
100,PG1430+427C,14 32 20.592,+42 30 24.07,11.421,0.45399999999999996,-0.109,0.281,+0.281,+0.561,9,5,0.0013,0.0021,0.0007,0.0011,0.0017,0.0006,218.08579999999998,42.50668611111111,11.139999999999999,112.91117619573588
101,GD 336,14 31 56.628,+37 06 30.07,15.283,-0.27,-1.149,-0.147,-0.215,-0.366,15,7,0.0031,0.0024,0.0024,0.0030,0.0102,0.0088,217.98594999999997,37.10835277777778,15.43,112.9238960283473
102,GD 336B,14 31 46.324,+37 07 46.67,12.985,0.6459999999999999,0.155,0.368,+0.348,+0.716,15,8,0.0016,0.0012,0.0023,0.0010,0.0014,0.0013,217.94301666666667,37.12963055555556,12.616999999999999,112.92849475277764
103,GD 336C,14 32 03.469,+37 04 19.95,13.627,0.562,0.006,0.32799999999999996,+0.325,+0.655,15,8,0.0016,0.0019,0.0035,0.0013,0.0031,0.0029,218.01445416666664,37.072208333333336,13.299000000000001,112.93792669273226
104,GD 336A,14 31 50.878,+37 05 17.40,13.424000000000001,0.359,-0.054000000000000006,0.217,+0.218,+0.436,15,8,0.0028,0.0018,0.0024,0.0014,0.0023,0.0029,217.96199166666665,37.088166666666666,13.207,112.95106329177032
105,PG1343+578,13 45 01.414,+57 30 12.84,13.809000000000001,0.013999999999999999,-0.59,0.065,+0.059,+0.123,1,1, ... , ... , ... , ... , ... , ... ,206.25589166666666,57.503566666666664,13.744000000000002,116.36875621582706
106,GD 325B,13 36 27.776,+48 29 30.70,11.972000000000001,0.675,0.16399999999999998,0.40399999999999997,+0.385,+0.784,8,4,0.0008,0.0022,0.0007,0.0011,0.0011,0.0012,204.1157333333333,48.49186111111111,11.568000000000001,116.39857076893765
107,GD 325C,13 36 31.813,+48 30 17.74,12.977,0.469,-0.012,0.299,+0.297,+0.587,8,4,0.0012,0.0007,0.0013,0.0007,0.0013,0.0021,204.13255416666664,48.50492777777778,12.678,116.39875204499408
108,GD 325A,13 36 08.189,+48 28 57.62,14.094000000000001,0.858,0.51,0.502,+0.467,+0.965,9,4,0.0028,0.0007,0.0021,0.0025,0.0028,0.0036,204.0341208333333,48.48267222222223,13.592,116.42748506208392
109,GD 325,13 36 01.794,+48 28 46.15,13.968,0.032,-0.953,0.23399999999999999,+0.776,+1.005,9,4,0.0012,0.0040,0.0012,0.0031,0.0014,0.0013,204.00747499999997,48.479486111111115,13.734,116.44469861321917
110,PG1343+578A,13 45 04.743,+57 32 11.27,13.878,0.591,0.081,0.35600000000000004,+0.339,+0.696,1,1, ... , ... , ... , ... , ... , ... ,206.26976249999998,57.53646388888889,13.522,120.35894144542648
111,PG1314+442,13 16 33.109,+43 59 05.46,15.243,-0.135,-0.993,0.021,+0.034,+0.053,5,3,0.0027,0.0107,0.0045,0.0018,0.0040,0.0040,199.13795416666665,43.98485,15.222,123.66869541714736
112,PG1314+442A,13 16 31.974,+43 58 14.74,15.383,0.7070000000000001,0.162,0.41,+0.409,+0.818,5,3,0.0040,0.0058,0.0192,0.0067,0.0076,0.0094,199.133225,43.970761111111116,14.972999999999999,123.72109708595991
113,SA 32-64,12 58 36.649,+43 43 35.26,11.831,0.603,0.017,0.33399999999999996,+0.344,+0.680,3,1,0.0012,0.0017,0.0035,0.0029,0.0006,0.0035,194.65270416666664,43.726461111111114,11.497,123.76472408111617
114,SA 32-62,12 58 30.288,+43 43 19.21,9.788,1.0859999999999999,0.938,0.55,+0.514,+1.068,1,1, ... , ... , ... , ... , ... , ... ,194.62619999999998,43.72200277777778,9.238,123.76795760713006
115,SA 32-113,12 57 25.835,+43 56 32.95,10.834000000000001,0.9059999999999999,0.639,0.531,+0.461,+0.998,20,11,0.0022,0.0010,0.0018,0.0011,0.0004,0.0012,194.3576458333333,43.94248611111111,10.303,123.76838428619807
116,SA 32-178,12 57 25.633,+44 02 02.82,11.312999999999999,0.805,0.46299999999999997,0.457,+0.421,+0.874,25,13,0.0007,0.0008,0.0010,0.0007,0.0006,0.0005,194.35680416666665,44.03411666666666,10.855999999999998,123.94740163000125
117,SA 32-177,12 57 17.140,+44 01 00.49,11.377,0.601,0.015,0.358,+0.346,+0.706,25,13,0.0007,0.0007,0.0016,0.0004,0.0009,0.0009,194.32141666666664,44.01680277777778,11.019,137.50238342158784
118,SA 32-176,12 57 03.215,+44 00 33.80,10.212,1.071,0.9840000000000001,0.561,+0.501,+1.071,24,13,0.0013,0.0006,0.0012,0.0009,0.0004,0.0008,194.2633958333333,44.009388888888886,9.651,137.57054758151259
119,GD 153,12 57 02.325,+22 01 52.66,13.349,-0.289,-1.177,-0.139,-0.180,-0.320,4,2,0.0040,0.0035,0.0050,0.0065,0.0085,0.0025,194.25968749999996,22.031294444444445,13.488,137.69352945164093
120,SA 32-175,12 57 00.485,+44 05 02.78,13.544,1.063,0.977,0.652,+0.546,+1.197,12,6,0.0013,0.0018,0.0077,0.0009,0.0019,0.0019,194.25202083333332,44.08410555555556,12.892000000000001,137.93753849701667
121,SA 32-174,12 56 55.284,+44 05 00.64,12.433,0.721,0.16899999999999998,0.431,+0.415,+0.843,10,5,0.0007,0.0008,0.0006,0.0009,0.0006,0.0009,194.23035,44.083511111111115,12.002,137.97762693000314
122,SA 32-109,12 56 40.337,+43 56 33.74,11.890999999999998,0.536,-0.043,0.325,+0.329,+0.650,22,11,0.0011,0.0008,0.0011,0.0004,0.0009,0.0010,194.16807083333333,43.942705555555555,11.565999999999999,144.42725544137136
123,SA 32-221,12 56 36.794,+44 14 59.60,11.429,0.682,0.235,0.37799999999999995,+0.345,+0.728,16,9,0.0005,0.0023,0.0032,0.0014,0.0005,0.0015,194.1533083333333,44.24988888888889,11.051,144.44621435282963
124,SA 32-172,12 56 35.217,+44 02 25.52,14.469000000000001,0.642,0.063,0.368,+0.371,+0.737,4,2,0.0015,0.0025,0.0090,0.0020,0.0065,0.0080,194.14673749999997,44.04042222222222,14.101,144.45803145777592
125,SA 32-220,12 56 34.353,+44 15 02.31,13.094000000000001,0.6459999999999999,0.098,0.38,+0.363,+0.744,7,4,0.0005,0.0017,0.0035,0.0013,0.0009,0.0016,194.1431375,44.25064166666667,12.714,144.46095208905433
126,SA 32-107,12 56 34.300,+43 54 33.99,13.673,0.747,0.312,0.42100000000000004,+0.399,+0.821,13,6,0.0024,0.0022,0.0040,0.0012,0.0013,0.0019,194.14291666666665,43.909441666666666,13.252,144.46723675478225
127,SA 32-105,12 56 29.185,+43 54 07.17,13.372,0.632,0.138,0.364,+0.341,+0.706,13,6,0.0016,0.0015,0.0051,0.0017,0.0013,0.0021,194.12160416666666,43.90199166666667,13.008,144.47753808373307
128,SA 32-106,12 56 32.000,+43 56 45.10,13.265999999999998,0.685,0.135,0.39899999999999997,+0.394,+0.795,13,6,0.0021,0.0024,0.0057,0.0019,0.0012,0.0025,194.1333333333333,43.94586111111111,12.866999999999999,144.47868422320434
129,SA 32-166,12 56 08.942,+44 00 55.03,16.316,0.522,-0.165,0.409,+0.337,+0.895,5,3,0.0175,0.0190,0.0242,0.0233,0.0111,0.0250,194.0372583333333,44.01528611111111,15.906999999999998,145.08425717502382
130,SA 32-212,12 56 03.313,+44 15 28.14,9.317,1.159,1.131,0.609,+0.546,+1.156,15,8,0.0010,0.0012,0.0025,0.0008,0.0005,0.0011,194.01380416666666,44.25781666666666,8.708,145.08833711202075
131,SA 32-167,12 56 11.417,+44 00 32.42,13.51,0.39799999999999996,-0.032,0.24100000000000002,+0.241,+0.477,10,5,0.0006,0.0019,0.0007,0.0008,0.0027,0.0034,194.0475708333333,44.009005555555554,13.269,145.08899050027884
132,SA 32-282,12 56 02.614,+44 26 49.25,10.152000000000001,0.48,0.03,0.28300000000000003,+0.280,+0.571,11,6,0.0006,0.0005,0.0007,0.0012,0.0016,0.0005,194.01089166666665,44.44701388888888,9.869000000000002,145.0944363386857
133,SA 32-379,12 55 50.119,+44 42 22.67,11.174000000000001,1.0390000000000001,0.8740000000000001,0.547,+0.495,+1.041,17,9,0.0008,0.0011,0.0018,0.0005,0.0006,0.0006,193.95882916666665,44.706297222222226,10.627,145.0972442113682
134,SA 32-330,12 55 26.396,+44 33 35.57,10.068,0.665,0.19,0.37799999999999995,+0.342,+0.721,11,6,0.0013,0.0008,0.0019,0.0005,0.0007,0.0017,193.8599833333333,44.55988055555555,9.69,145.1027124803019
135,SA 32-377,12 55 45.397,+44 40 38.60,10.63,0.6409999999999999,0.10099999999999999,0.37200000000000005,+0.358,+0.735,11,6,0.0006,0.0006,0.0007,0.0011,0.0008,0.0009,193.93915416666664,44.677388888888885,10.258000000000001,145.1048538388105
136,SA 32-272,12 55 10.338,+44 17 28.83,8.961,0.488,-0.106,0.304,+0.308,+0.613,11,6,0.0020,0.0008,0.0033,0.0011,0.0016,0.0019,193.793075,44.29134166666667,8.657,145.1120134518478
137,SA 32-271,12 55 08.586,+44 23 13.45,11.209000000000001,0.639,0.121,0.37,+0.353,+0.722,12,6,0.0006,0.0004,0.0027,0.0010,0.0014,0.0011,193.78577499999997,44.38706944444444,10.839000000000002,152.7787023830223
138,PG1210+533A,12 13 24.431,+53 02 27.15,14.460999999999999,0.614,0.051,0.35600000000000004,+0.359,+0.717,3,2,0.0035,0.0006,0.0023,0.0075,0.0081,0.0040,183.3517958333333,53.040875,14.104999999999999,152.7811353797293
139,PG1210+533,12 13 24.643,+53 03 57.27,14.135,-0.311,-1.205,-0.146,-0.196,-0.337,5,2,0.0031,0.0040,0.0031,0.0058,0.0072,0.0045,183.35267916666666,53.06590833333333,14.281,152.7896131299463
140,SA 32-270,12 55 07.557,+44 23 14.09,12.515999999999998,0.7170000000000001,0.23399999999999999,0.40299999999999997,+0.395,+0.797,6,3,0.0030,0.0034,0.0044,0.0022,0.0022,0.0009,193.78148749999997,44.38724722222222,12.112999999999998,152.7898083531174
141,PG1210+533B,12 13 18.722,+53 02 53.73,11.5,0.648,0.14400000000000002,0.37200000000000005,+0.349,+0.723,3,2,0.0023,0.0023,0.0040,0.0017,0.0012,0.0012,183.32800833333332,53.04825833333333,11.128,152.80396054053386
142,GD 314B,12 05 18.007,+60 36 47.89,10.831,0.927,0.659,0.51,+0.468,+0.980,13,7,0.0006,0.0008,0.0009,0.0006,0.0005,0.0006,181.32502916666667,60.61330277777778,10.321,152.8073652340314
143,GD 314C,12 04 01.598,+60 37 48.53,13.707,0.529,-0.027999999999999997,0.32799999999999996,+0.334,+0.659,8,4,0.0023,0.0029,0.0021,0.0017,0.0069,0.0064,181.0066583333333,60.63014722222222,13.379000000000001,152.8369017290881
144,GD 314A,12 05 04.878,+60 35 11.92,12.435,0.8540000000000001,0.441,0.479,+0.462,+0.942,13,7,0.0009,0.0015,0.0017,0.0010,0.0005,0.0005,181.27032499999999,60.586644444444445,11.956000000000001,152.84271039794803
145,GD 314E,12 03 47.219,+60 32 08.59,15.014000000000001,0.8029999999999999,0.406,0.47700000000000004,+0.436,+0.918,7,3,0.0014,0.0054,0.0021,0.0035,0.0028,0.0014,180.94674583333332,60.535719444444446,14.537,152.85239375498216
146,GD 314,12 04 38.536,+60 32 08.08,13.568,-0.344,-1.25,-0.149,-0.179,-0.328,14,7,0.0009,0.0010,0.0011,0.0020,0.0025,0.0028,181.16056666666665,60.535577777777775,13.716999999999999,152.86112368963126
147,KUV 352-09,11 36 24.386,+39 29 33.88,12.967,-0.146,-0.6459999999999999,-0.065,-0.075,-0.154,7,3,0.0014,0.0038,0.0037,0.0026,0.0066,0.0014,174.1016083333333,39.49274444444445,13.032,152.86306428030005
148,PG1126+469A,11 29 36.579,+46 35 44.99,12.77,0.639,0.149,0.365,+0.350,+0.720,1,1, ... , ... , ... , ... , ... , ... ,172.40241249999997,46.59583055555556,12.405,152.8659337739863
149,GD 314D,12 04 02.198,+60 34 57.98,14.538,1.339,1.202,0.8220000000000001,+0.740,+1.575,7,3,0.0014,0.0047,0.0035,0.0007,0.0007,0.0063,181.00915833333332,60.582772222222225,13.716000000000001,152.87176406807455
150,PG1126+469B,11 29 14.264,+46 34 22.59,12.727,0.584,0.048,0.32799999999999996,+0.336,+0.668,1,1, ... , ... , ... , ... , ... , ... ,172.30943333333332,46.57294166666667,12.399000000000001,152.87290557840217
151,GD 310B,11 29 35.454,+38 08 12.60,14.2,0.978,0.8320000000000001,0.595,+0.541,+1.137,16,8,0.0013,0.0014,0.0052,0.0016,0.0027,0.0029,172.39772499999998,38.136833333333335,13.604999999999999,152.8757322459293
152,GD 310A,11 29 29.898,+38 09 14.09,14.057,0.54,-0.073,0.341,+0.356,+0.698,15,8,0.0012,0.0015,0.0018,0.0016,0.0021,0.0025,172.37457499999996,38.15391388888889,13.716000000000001,152.8758400609957
153,GD 111A,10 05 45.210,+42 46 49.44,14.290999999999999,0.723,0.24100000000000002,0.409,+0.381,+0.792,1,1, ... , ... , ... , ... , ... , ... ,151.43837499999998,42.7804,13.881999999999998,152.88312998105428
154,GD 310C,11 29 25.990,+38 06 12.01,13.911,0.892,0.6679999999999999,0.496,+0.426,+0.924,15,8,0.0017,0.0013,0.0033,0.0011,0.0022,0.0028,172.35829166666664,38.10333611111111,13.415,152.88491541244792
155,PG1126+469,11 29 28.671,+46 35 31.75,14.574000000000002,-0.136,-0.6859999999999999,-0.073,-0.081,-0.147,1,1, ... , ... , ... , ... , ... , ... ,172.36946249999997,46.59215277777778,14.647000000000002,152.8873082392635
156,KUV 348-14B,10 05 17.296,+38 47 35.05,14.425,0.621,0.075,0.355,+0.366,+0.721,2,1,0.0071,0.0021,0.0042,0.0035,0.0078,0.0113,151.32206666666664,38.79306944444444,14.07,152.8889232846903
157,GD 111B,10 06 02.757,+42 45 43.10,13.149000000000001,0.7609999999999999,0.289,0.42,+0.417,+0.838,1,1, ... , ... , ... , ... , ... , ... ,151.51148749999996,42.76197222222222,12.729000000000001,152.90046232323667
158,GD 111,10 05 48.965,+42 48 03.14,16.155,-0.099,-0.8640000000000001,-0.028999999999999998,-0.220,-0.241,2,1,0.0078,0.0311,0.0247,0.0049,0.0049,0.0099,151.45402083333332,42.80087222222222,16.184,152.91146387523855
159,KUV 348-14C,10 05 18.521,+38 48 11.44,15.140999999999998,0.6579999999999999,0.11800000000000001,0.34600000000000003,+0.367,+0.712,2,1,0.0071,0.0078,0.0057,0.0021,0.0120,0.0134,151.32717083333333,38.803177777777776,14.794999999999998,152.91350552108176
160,GD 310,11 29 10.923,+38 08 51.64,15.009,-0.17800000000000002,-1.002,-0.11599999999999999,-0.139,-0.250,16,8,0.0010,0.0009,0.0009,0.0024,0.0090,0.0106,172.29551249999994,38.14767777777778,15.125,152.91549074891577
161,KUV 348-14,10 05 09.884,+38 46 15.14,14.335999999999999,-0.046,-0.223,-0.024,-0.032,-0.050,5,2,0.0028,0.0012,0.0013,0.0042,0.0022,0.0013,151.29118333333332,38.77087222222222,14.359999999999998,152.92551301091325
162,KUV 348-14A,10 05 06.918,+38 47 14.14,13.651,0.515,-0.045,0.306,+0.309,+0.615,3,1,0.0006,0.0017,0.0012,0.0046,0.0023,0.0052,151.27882499999998,38.78726111111111,13.345,152.94132790312764
163,KUV 348-13A,10 04 06.316,+40 35 25.49,12.497,0.6459999999999999,0.159,0.364,+0.356,+0.720,2,1,0.0049,0.0021,0.0071,0.0042,0.0064,0.0014,151.02631666666665,40.59041388888889,12.133,152.94760071331638
164,KUV 348-13,10 03 54.276,+40 34 18.10,13.318,-0.33,-1.069,-0.147,-0.178,-0.313,4,2,0.0013,0.0024,0.0020,0.0013,0.0007,0.0031,150.97615,40.57169444444445,13.465,152.95564940841874
165,KUV 348-13B,10 03 53.506,+40 32 01.93,14.697000000000001,0.6990000000000001,0.11800000000000001,0.408,+0.441,+0.848,2,1,0.0028,0.0127,0.0156,0.0057,0.0071,0.0049,150.97294166666666,40.53386944444444,14.289000000000001,152.96000183726358
166,KUV 348-07B,09 56 58.396,+41 13 03.63,14.545,0.794,0.34600000000000003,0.45899999999999996,+0.433,+0.900,4,2,0.0007,0.0027,0.0076,0.0014,0.0038,0.0012,149.24331666666666,41.217675,14.086,152.9646547291886
167,KUV 348-07A,09 56 57.179,+41 16 49.89,13.992,0.48200000000000004,-0.163,0.322,+0.327,+0.653,4,2,0.0012,0.0026,0.0047,0.0020,0.0042,0.0012,149.2382458333333,41.280525,13.670000000000002,152.97155679799747
168,SA 29-407,09 47 24.351,+44 37 56.67,14.530999999999999,0.524,-0.034,0.325,+0.345,+0.654,5,3,0.0084,0.0029,0.0024,0.0048,0.0088,0.0092,146.85146249999997,44.63240833333333,14.206,152.9808454521677
169,SA 29-406,09 47 24.345,+44 39 43.93,14.127,1.239,1.235,0.765,+0.689,+1.447,5,3,0.0007,0.0030,0.0114,0.0036,0.0007,0.0040,146.8514375,44.66220277777778,13.362,152.9842186135044
170,SA 29-408,09 47 25.926,+44 41 34.07,13.113,0.484,-0.055999999999999994,0.304,+0.319,+0.624,3,2,0.0021,0.0027,0.0027,0.0014,0.0033,0.0027,146.858025,44.69279722222222,12.809,152.9845701563501
171,GD 300A,09 55 34.484,+51 36 41.97,12.985,0.6809999999999999,0.18100000000000002,0.392,+0.371,+0.763,19,9,0.0019,0.0009,0.0010,0.0008,0.0013,0.0021,148.8936833333333,51.61165833333334,12.593,152.98672475293836
172,SA 29-409,09 47 30.510,+44 40 00.42,13.684000000000001,0.51,0.025,0.306,+0.309,+0.616,3,2,0.0090,0.0058,0.0007,0.0033,0.0058,0.0033,146.87712499999998,44.66678333333333,13.378000000000002,152.99802587628412
173,KUV 348-07,09 56 52.394,+41 15 22.10,15.546,0.065,-0.9009999999999999,0.252,+0.560,+0.826,5,2,0.0007,0.0026,0.0051,0.0035,0.0040,0.0011,149.2183083333333,41.25613888888889,15.293999999999999,153.01396451030575
174,SA 29-405,09 47 20.158,+44 41 08.31,15.431,0.7909999999999999,0.41200000000000003,0.478,+0.462,+0.942,1,1, ... , ... , ... , ... , ... , ... ,146.83399166666663,44.68564166666666,14.953,153.01509519089487
175,GD 300,09 55 19.466,+51 36 59.03,12.662,-0.321,-1.2309999999999999,-0.139,-0.175,-0.315,25,13,0.0022,0.0014,0.0020,0.0014,0.0027,0.0018,148.8311083333333,51.616397222222226,12.801,153.01527284795458
176,GD 300B,09 55 01.207,+51 39 58.80,12.773,0.662,0.158,0.375,+0.367,+0.749,17,8,0.0010,0.0008,0.0019,0.0003,0.0007,0.0008,148.75502916666665,51.666333333333334,12.398,153.01717941190006
177,SA 29-402,09 47 16.900,+44 38 20.30,13.875,0.863,0.61,0.46799999999999997,+0.403,+0.875,5,3,0.0019,0.0018,0.0007,0.0007,0.0005,0.0017,146.82041666666666,44.63897222222222,13.407,153.02896646183518
178,SA 29-404,09 47 19.809,+44 40 26.74,13.075,0.8,0.501,0.433,+0.373,+0.811,1,1, ... , ... , ... , ... , ... , ... ,146.8325375,44.67409444444444,12.642,153.02995073264145
179,SA 29-331,09 47 19.945,+44 24 28.55,10.001,0.943,0.634,0.504,+0.475,+0.976,21,10,0.0006,0.0005,0.0008,0.0006,0.0004,0.0003,146.83310416666666,44.40793055555555,9.497,153.05058057151038
180,SA 29-251,09 47 21.715,+44 14 13.96,9.445,0.349,-0.001,0.21899999999999997,+0.220,+0.443,15,7,0.0004,0.0006,0.0011,0.0004,0.0005,0.0007,146.84047916666665,44.237211111111115,9.226,153.0703809356272
181,PG0943+521,09 47 11.942,+51 54 08.91,15.123,0.21100000000000002,-0.983,0.214,+0.277,+0.494,1,1, ... , ... , ... , ... , ... , ... ,146.7997583333333,51.902474999999995,14.908999999999999,153.07111155454936
182,SA 29-400,09 47 08.212,+44 40 07.66,14.019,0.9,0.51,0.503,+0.489,+0.987,6,3,0.0015,0.0026,0.0115,0.0024,0.0006,0.0014,146.78421666666665,44.668794444444444,13.516,153.07992799296932
183,SA 29-24,09 42 58.482,+43 50 04.87,9.59,0.5489999999999999,0.015,0.32299999999999995,+0.318,+0.645,14,7,0.0010,0.0004,0.0006,0.0011,0.0006,0.0007,145.74367499999997,43.83468611111111,9.267,164.35857834905363
184,SA 29-22,09 42 49.281,+43 49 35.75,10.474,0.565,0.10800000000000001,0.324,+0.299,+0.630,16,8,0.0006,0.0004,0.0009,0.0004,0.0005,0.0005,145.70533749999998,43.826597222222226,10.15,164.3800899475595
185,SA 29-350,09 42 08.386,+44 32 57.10,10.295,0.478,-0.006,0.285,+0.275,+0.563,19,9,0.0007,0.0006,0.0004,0.0004,0.0006,0.0007,145.53494166666664,44.549194444444446,10.01,164.38752710661882
186,SA 29-157,09 42 01.262,+44 11 46.38,11.290999999999999,0.812,0.45,0.449,+0.427,+0.874,18,9,0.0014,0.0006,0.0021,0.0007,0.0005,0.0008,145.50525833333333,44.196216666666665,10.841999999999999,164.40646902517776
187,SA 29-153,09 41 34.127,+44 12 25.37,8.79,1.111,1.089,0.57,+0.505,+1.071,10,5,0.0022,0.0008,0.0005,0.0012,0.0005,0.0004,145.39219583333332,44.20704722222222,8.219999999999999,164.41202896096948
188,GD 299,09 38 20.351,+55 05 50.08,12.093,-0.26899999999999996,-1.158,-0.085,-0.078,-0.168,12,6,0.0028,0.0010,0.0020,0.0015,0.0017,0.0018,144.58479583333332,55.09724444444445,12.178,164.44244272981885
189,SA 29-399,09 47 05.253,+44 41 02.64,13.110999999999999,0.638,0.125,0.35700000000000004,+0.351,+0.705,17,9,0.0017,0.0015,0.0020,0.0013,0.0010,0.0016,146.7718875,44.684066666666666,12.754,165.88793009058932
190,SA 29-327,09 47 04.537,+44 22 31.17,12.133,0.8029999999999999,0.384,0.45799999999999996,+0.428,+0.893,23,12,0.0007,0.0009,0.0020,0.0007,0.0011,0.0006,146.76890416666666,44.375325000000004,11.674999999999999,165.96461817427067
191,PG0943+521A,09 47 03.487,+51 55 09.32,14.497,0.9159999999999999,0.624,0.573,+0.512,+1.089,1,1, ... , ... , ... , ... , ... , ... ,146.76452916666665,51.91925555555555,13.924,166.0688514173753
192,SA 29-322,09 46 31.722,+44 22 32.87,9.766,0.488,0.03,0.285,+0.262,+0.560,14,7,0.0004,0.0004,0.0006,0.0005,0.0006,0.0010,146.632175,44.375797222222225,9.481,166.11065701279733
193,SA 29-324,09 46 53.607,+44 25 05.72,11.304,1.117,1.075,0.5820000000000001,+0.516,+1.097,21,11,0.0005,0.0009,0.0024,0.0005,0.0006,0.0009,146.7233625,44.418255555555554,10.722,166.12391695184488
194,SA 29-303,09 44 53.037,+44 25 07.54,8.292,0.602,0.174,0.344,+0.329,+0.674,4,4,0.0040,0.0005,0.0010,0.0010,0.0015,0.0010,146.22098749999995,44.41876111111111,7.9479999999999995,166.29413426443196
195,GD 98,08 57 30.443,+40 16 12.62,14.823,-0.126,-0.9309999999999999,-0.11199999999999999,-0.116,-0.233,26,12,0.0005,0.0009,0.0020,0.0031,0.0053,0.0052,134.37684583333333,40.27017222222222,14.935,167.45022011277803
196,GD 98A,08 57 17.818,+40 17 53.92,13.460999999999999,0.92,0.619,0.508,+0.472,+0.979,24,12,0.0010,0.0005,0.0023,0.0004,0.0011,0.0014,134.32424166666664,40.29831111111111,12.953,171.419573226081
197,GD 98B,08 57 09.788,+40 18 35.13,14.001,0.63,0.115,0.359,+0.346,+0.708,16,8,0.0006,0.0006,0.0006,0.0015,0.0019,0.0015,134.2907833333333,40.30975833333333,13.642,181.80969788382455
198,PG0846+558,08 49 51.084,+55 35 14.94,16.435,-0.207,-1.043,-0.073,+0.051,-0.026,1,1, ... , ... , ... , ... , ... , ... ,132.46284999999997,55.58748333333334,16.508,181.85597707138416
199,PG0846+558A,08 49 42.276,+55 34 45.17,14.690999999999999,0.8420000000000001,0.396,0.467,+0.455,+0.923,1,1, ... , ... , ... , ... , ... , ... ,132.42614999999998,55.579213888888894,14.223999999999998,181.8777555942569
200,PG0846+558B,08 49 41.020,+55 36 08.52,14.799000000000001,0.745,0.142,0.424,+0.416,+0.842,1,1, ... , ... , ... , ... , ... , ... ,132.42091666666664,55.60236666666667,14.375000000000002,181.92323326534643
201,KUV 345-30,08 43 12.709,+39 44 49.73,14.324000000000002,-0.27899999999999997,-1.127,-0.121,-0.141,-0.263,4,2,0.0025,0.0020,0.0055,0.0025,0.0095,0.0090,130.80295416666664,39.747147222222225,14.445000000000002,182.18332944325874
202,KUV 345-30A,08 43 09.810,+39 46 15.09,14.619000000000002,0.627,0.07200000000000001,0.365,+0.366,+0.730,5,2,0.0018,0.0031,0.0098,0.0022,0.0022,0.0009,130.79087499999997,39.77085833333333,14.254000000000001,182.2747279013214
203,PG0837+401A,08 41 04.495,+39 57 05.65,14.752,0.922,0.747,0.536,+0.472,+1.016,11,5,0.0025,0.0010,0.0035,0.0010,0.0071,0.0069,130.26872916666665,39.951569444444445,14.216000000000001,195.74997324864225
204,PG0837+401C,08 41 00.157,+39 55 54.49,12.181,0.556,0.021,0.33799999999999997,+0.346,+0.685,7,4,0.0015,0.0019,0.0016,0.0018,0.0018,0.0032,130.25065416666666,39.931802777777776,11.843,195.8141258301687
205,PG0837+401B,08 40 58.400,+39 56 27.82,13.702,0.71,0.163,0.424,+0.402,+0.820,7,4,0.0127,0.0066,0.0028,0.0040,0.0021,0.0021,130.2433333333333,39.94106111111111,13.278,195.8196798347899
206,PG0837+401,08 41 01.307,+39 56 18.13,15.505999999999998,-0.245,-0.986,-0.136,-0.262,-0.396,11,5,0.0049,0.0015,0.0030,0.0074,0.0120,0.0116,130.2554458333333,39.93836944444444,15.641999999999998,195.87374597443073
207,GD 91A,08 30 16.361,+45 19 50.28,12.437000000000001,1.018,0.767,0.532,+0.504,+1.037,5,3,0.0013,0.0022,0.0076,0.0009,0.0027,0.0022,127.56817083333333,45.33063333333334,11.905000000000001,195.8842586122804
208,GD 91B,08 30 10.294,+45 19 10.14,13.626,0.9690000000000001,0.838,0.5429999999999999,+0.454,+0.993,5,3,0.0040,0.0022,0.0157,0.0022,0.0045,0.0022,127.54289166666666,45.31948333333334,13.083,195.92067581518074
209,SA 26-96,06 45 17.185,+44 27 43.18,10.75,0.5479999999999999,0.01,0.332,+0.331,+0.664,2,1,0.0014,0.0014,0.0085,0.0021,0.0014,0.0035,101.32160416666666,44.46199444444445,10.418,195.9939840595804
210,SA 26-95,06 45 16.159,+44 32 04.67,11.988,0.546,0.016,0.326,+0.321,+0.644,24,12,0.0024,0.0017,0.0050,0.0011,0.0012,0.0015,101.31732916666665,44.53463055555555,11.661999999999999,196.02011498338638
211,GD 91,08 30 09.451,+45 20 30.39,15.069,0.182,-0.52,0.037000000000000005,+0.060,+0.094,5,3,0.0045,0.0080,0.0031,0.0094,0.0157,0.0103,127.53937916666665,45.341775000000005,15.032,196.03603830380993
212,SA 26-93,06 45 13.215,+44 30 56.56,11.071,1.7,1.7719999999999998,1.3780000000000001,+1.629,+3.001,20,11,0.0040,0.0008,0.0030,0.0025,0.0006,0.0007,101.30506249999999,44.51571111111111,9.693,196.04926367765407
213,SA 26-272,06 44 24.818,+44 46 17.78,14.399000000000001,0.919,0.5820000000000001,0.51,+0.465,+1.000,3,2,0.0054,0.0058,0.0091,0.0014,0.0085,0.0085,101.10340833333332,44.77160555555555,13.889000000000001,196.04935838779306
214,SA 26-269,06 44 21.694,+44 47 43.74,14.855,0.535,0.062,0.303,+0.371,+0.672,3,2,0.0044,0.0007,0.0027,0.0014,0.0094,0.0093,101.09039166666665,44.79548333333333,14.552,196.05121299487124
215,SA 26-280,06 44 39.784,+44 48 25.64,11.089,1.082,0.8440000000000001,0.579,+0.537,+1.125,15,8,0.0011,0.0010,0.0011,0.0006,0.0012,0.0006,101.16576666666666,44.80712222222222,10.51,196.05204000081036
216,SA 26-279,06 44 38.232,+44 46 44.95,14.634,0.6609999999999999,0.08,0.401,+0.362,+0.764,1,1, ... , ... , ... , ... , ... , ... ,101.15929999999999,44.779152777777774,14.233,196.06743911900537
217,SA 26-172,06 44 31.718,+44 34 05.88,9.58,0.264,0.12300000000000001,0.14400000000000002,+0.147,+0.289,12,6,0.0010,0.0006,0.0013,0.0009,0.0014,0.0006,101.13215833333332,44.5683,9.436,196.08568454750727
218,SA 26-278,06 44 32.844,+44 47 18.28,15.36,0.765,0.16699999999999998,0.517,+0.437,+0.950,1,1, ... , ... , ... , ... , ... , ... ,101.13684999999998,44.78841111111111,14.843,196.09472781931441
219,SA 26-273,06 44 25.825,+44 48 21.60,15.338,0.722,0.204,0.442,+0.356,+0.776,3,2,0.0083,0.0095,0.0085,0.0077,0.0099,0.0099,101.10760416666665,44.806,14.895999999999999,196.0977048304887
220,SA 26-268,06 44 19.474,+44 47 35.10,15.366,1.0290000000000001,0.8190000000000001,0.615,+0.533,+1.138,10,5,0.0073,0.0032,0.0241,0.0070,0.0100,0.0168,101.08114166666665,44.79308333333333,14.751,196.1004190320619
221,SA 26-265,06 44 14.929,+44 47 41.53,14.459000000000001,0.602,-0.066,0.384,+0.401,+0.792,25,12,0.0027,0.0027,0.0026,0.0011,0.0030,0.0027,101.06220416666666,44.794869444444444,14.075000000000001,196.101620862256
222,SA 26-264,06 44 14.139,+44 46 42.13,15.092,0.631,0.09699999999999999,0.376,+0.347,+0.715,12,6,0.0018,0.0028,0.0062,0.0027,0.0054,0.0078,101.05891249999998,44.778369444444444,14.716000000000001,196.12166713377766
223,SA 26-262,06 44 05.750,+44 47 22.64,13.1,0.741,0.253,0.43,+0.412,+0.842,6,3,0.0045,0.0015,0.0032,0.0010,0.0011,0.0021,101.02395833333333,44.78962222222222,12.67,196.19365694061057
224,SA 26-150,06 43 37.042,+44 43 20.73,9.506,1.01,0.747,0.539,+0.494,+1.040,10,5,0.0006,0.0005,0.0014,0.0004,0.0011,0.0013,100.90434166666665,44.722425,8.967,196.28707852648878
225,SA 26-139,06 43 09.275,+44 40 03.79,11.335,0.838,0.542,0.46799999999999997,+0.404,+0.875,13,7,0.0019,0.0008,0.0022,0.0006,0.0003,0.0004,100.78864583333332,44.667719444444444,10.867,196.2880530284595
226,SA 26-60,06 43 41.731,+44 30 45.40,9.542,0.125,0.175,0.08800000000000001,+0.069,+0.157,8,4,0.0030,0.0009,0.0009,0.0009,0.0019,0.0010,100.92387916666665,44.51261111111111,9.454,196.35995617380433
227,SA 26-58,06 43 38.231,+44 25 11.15,8.507,0.535,0.047,0.315,+0.297,+0.612,4,2,0.0035,0.0005,0.0020,0.0015,0.0015,0.0005,100.90929583333333,44.41976388888889,8.192,196.3707313717681
228,SA 26-234,06 43 07.334,+44 50 32.75,9.371,0.583,0.15,0.33899999999999997,+0.317,+0.655,12,6,0.0011,0.0005,0.0008,0.0004,0.0004,0.0004,100.78055833333333,44.84243055555556,9.032,196.37488682911797
229,SA 26-135,06 42 58.715,+44 38 52.53,9.117,1.11,0.9179999999999999,0.583,+0.530,+1.113,7,4,0.0019,0.0006,0.0011,0.0005,0.0012,0.0013,100.74464583333332,44.647925,8.534,196.3918331452543
230,SA 26-231,06 42 51.320,+44 51 18.46,10.732000000000001,1.117,0.92,0.599,+0.549,+1.144,14,7,0.0011,0.0005,0.0008,0.0006,0.0004,0.0003,100.71383333333333,44.85512777777778,10.133000000000001,196.4008251460699
231,GD 64E,04 57 26.257,+41 55 52.18,11.530999999999999,0.239,0.071,0.14400000000000002,+0.171,+0.313,2,1,0.0007,0.0014,0.0014,0.0007,0.0021,0.0035,74.35940416666665,41.93116111111111,11.386999999999999,196.42870578438902
232,GD 64,04 57 22.540,+41 55 56.45,13.975999999999999,0.063,-0.5589999999999999,-0.07400000000000001,-0.069,-0.146,3,2,0.0021,0.0080,0.0075,0.0058,0.0014,0.0007,74.34391666666666,41.93234722222222,14.049999999999999,196.43319416687643
233,SA 26-27,06 42 39.409,+44 31 47.34,10.86,0.611,0.113,0.375,+0.355,+0.732,10,5,0.0009,0.0008,0.0017,0.0006,0.0010,0.0016,100.66420416666665,44.52981666666667,10.485,196.45591600976562
234,GD 64A,04 57 25.311,+41 55 30.57,14.437999999999999,0.6579999999999999,0.114,0.414,+0.416,+0.834,3,2,0.0058,0.0054,0.0088,0.0007,0.0027,0.0014,74.35546249999999,41.92515833333333,14.024,196.45933956127558
235,SA 26-219,06 42 23.097,+44 47 54.40,10.632,0.509,0.004,0.32299999999999995,+0.326,+0.651,15,7,0.0011,0.0005,0.0006,0.0004,0.0004,0.0007,100.59623749999999,44.79844444444444,10.309,196.46108811191255
236,GD 64F,04 57 28.704,+41 55 50.45,12.195,1.819,2.177,1.082,+1.036,+2.123,2,1,0.0014,0.0007,0.0021,0.0014,0.0035,0.0014,74.36959999999999,41.930680555555554,11.113,196.48044311561904
237,GD 64C,04 57 21.370,+41 54 23.70,12.915,0.625,0.075,0.406,+0.406,+0.815,2,1,0.0071,0.0071,0.0085,0.0014,0.0021,0.0071,74.33904166666666,41.90658333333333,12.508999999999999,196.53358034728393
238,GD 61C,04 38 27.184,+41 10 07.68,13.731,0.5479999999999999,0.32,0.344,+0.357,+0.697,14,7,0.0009,0.0007,0.0013,0.0006,0.0010,0.0013,69.61326666666665,41.1688,13.387,196.5363166374504
239,SA 23-300,03 45 56.378,+45 14 43.91,9.437000000000001,0.474,-0.005,0.293,+0.287,+0.579,9,5,0.0007,0.0007,0.0013,0.0007,0.0014,0.0007,56.48490833333332,45.245530555555554,9.144000000000002,196.5402288282189
240,GD 64B,04 57 18.332,+41 55 28.12,13.923,0.7,0.151,0.44299999999999995,+0.432,+0.880,2,1,0.0014,0.0035,0.0156,0.0014,0.0007,0.0007,74.32638333333333,41.924477777777774,13.48,196.54209696014027
241,GD 61A,04 38 41.533,+41 10 51.24,14.42,0.415,0.22699999999999998,0.261,+0.327,+0.595,14,7,0.0005,0.0015,0.0010,0.0007,0.0022,0.0038,69.67305416666666,41.1809,14.159,196.55811356801934
242,GD 64D,04 57 08.313,+41 55 12.86,12.799000000000001,0.595,0.19,0.37,+0.368,+0.739,2,1,0.0014,0.0007,0.0071,0.0071,0.0007,0.0007,74.28463749999999,41.92023888888889,12.429000000000002,196.56440354773864
243,GD 61,04 38 39.369,+41 09 32.37,14.879000000000001,-0.11199999999999999,-0.966,-0.053,-0.043,-0.091,16,7,0.0008,0.0011,0.0025,0.0027,0.0088,0.0108,69.66403749999998,41.158991666666665,14.932000000000002,196.57762453160538
244,GD 61B,04 38 29.122,+41 11 00.48,14.129000000000001,0.317,0.139,0.191,+0.232,+0.431,14,7,0.0006,0.0011,0.0006,0.0018,0.0021,0.0012,69.62134166666665,41.18346666666666,13.938,196.591152307242
245,SA 23-444,03 45 48.007,+45 27 17.36,15.433,0.932,0.47,0.55,+0.514,+1.071,4,2,0.0030,0.0125,0.0455,0.0065,0.0105,0.0035,56.45002916666666,45.45482222222223,14.883,196.63038921402386
246,SA 23-443,03 45 45.754,+45 25 33.98,10.690999999999999,0.604,0.195,0.368,+0.369,+0.740,2,1,0.0014,0.0014,0.0035,0.0007,0.0007,0.0014,56.44064166666666,45.42610555555555,10.322999999999999,196.6306499251039
247,SA 23-441,03 45 39.328,+45 25 37.28,14.512,1.004,0.511,0.573,+0.556,+1.132,7,3,0.0098,0.0038,0.0125,0.0042,0.0045,0.0030,56.413866666666664,45.42702222222222,13.939,197.3936943321462
248,SA 23-440,03 45 39.288,+45 28 12.70,12.03,0.861,0.423,0.493,+0.464,+0.964,3,2,0.0035,0.0006,0.0046,0.0029,0.0012,0.0023,56.41369999999999,45.470194444444445,11.536999999999999,209.7765499340528
249,SA 23-439,03 45 38.594,+45 25 15.33,14.999,0.8690000000000001,0.34,0.512,+0.537,+1.049,2,1,0.0057,0.0042,0.0141,0.0014,0.0198,0.0177,56.41080833333332,45.420925,14.487,210.05478937108109
250,SA 23-436,03 45 33.388,+45 27 12.92,13.876,1.645,1.671,0.915,+0.840,+1.762,20,8,0.0016,0.0025,0.0034,0.0010,0.0005,0.0010,56.38911666666666,45.453588888888895,12.960999999999999,210.1521031939209
251,SA 23-435,03 45 31.545,+45 27 19.89,13.474,0.755,0.22,0.469,+0.476,+0.945,15,7,0.0012,0.0005,0.0032,0.0013,0.0008,0.0006,56.38143749999999,45.455525,13.005,210.29151105865978
252,SA 23-433,03 45 27.133,+45 28 46.63,14.526,0.6579999999999999,0.38,0.386,+0.386,+0.775,6,3,0.0013,0.0018,0.0014,0.0030,0.0013,0.0050,56.36305416666666,45.479619444444445,14.14,210.37443722672617
253,SA 23-438,03 45 35.825,+45 24 31.45,13.327,0.8859999999999999,0.36200000000000004,0.511,+0.514,+1.024,2,1,0.0007,0.0035,0.0113,0.0014,0.0049,0.0028,56.399270833333325,45.40873611111111,12.816,210.522604822202
254,SA 23-264,03 45 04.420,+45 17 48.41,10.335,1.0979999999999999,0.993,0.591,+0.521,+1.109,9,5,0.0012,0.0012,0.0013,0.0005,0.0006,0.0012,56.26841666666666,45.29678055555556,9.744000000000002,210.61842592928525
255,SA 23-57,03 44 59.361,+45 03 47.90,10.368,1.879,2.213,1.169,+1.265,+2.443,16,8,0.0007,0.0013,0.0041,0.0009,0.0009,0.0008,56.24733749999999,45.06330555555555,9.199,211.06651413935532
256,SA 23-418,03 44 56.347,+45 18 59.93,11.716,0.7,0.154,0.40700000000000003,+0.385,+0.798,10,5,0.0005,0.0008,0.0013,0.0012,0.0006,0.0006,56.23477916666666,45.31664722222222,11.309,214.94078851865257
257,SA 23-561,03 44 53.412,+45 30 25.87,10.546,0.515,0.391,0.287,+0.301,+0.589,9,5,0.0005,0.0010,0.0011,0.0009,0.0007,0.0006,56.22254999999999,45.50718611111111,10.258999999999999,214.9712556077654
258,SA 23-246,03 44 43.903,+45 18 01.25,11.7,0.278,0.124,0.154,+0.165,+0.318,11,6,0.0010,0.0005,0.0022,0.0005,0.0005,0.0010,56.18292916666666,45.30034722222222,11.546,214.9766306359778
259,SA 23-45,03 44 42.135,+45 04 43.53,9.972000000000001,1.249,1.16,0.6629999999999999,+0.594,+1.250,13,7,0.0013,0.0007,0.0007,0.0004,0.0007,0.0005,56.17556249999999,45.07875833333334,9.309000000000001,215.01181145957528
260,SA 23-241,03 44 36.960,+45 17 59.22,12.312000000000001,0.768,0.249,0.45799999999999996,+0.448,+0.904,13,7,0.0013,0.0016,0.0028,0.0007,0.0008,0.0009,56.153999999999996,45.29978333333333,11.854000000000001,215.07452477088984
261,SA 23-402,03 44 23.010,+45 23 37.73,9.835,0.172,-0.455,0.11,+0.114,+0.226,17,9,0.0008,0.0010,0.0016,0.0004,0.0006,0.0007,56.09587499999999,45.393813888888886,9.725000000000001,215.09303019356534
262,SA 23-15,03 44 05.128,+45 06 03.00,10.658,0.375,0.16699999999999998,0.20199999999999999,+0.213,+0.415,12,7,0.0006,0.0005,0.0013,0.0005,0.0009,0.0005,56.02136666666666,45.100833333333334,10.456,215.10703779475966
263,SA 23-198,03 43 56.438,+45 09 41.46,11.559000000000001,0.192,-0.389,0.133,+0.144,+0.274,18,10,0.0009,0.0009,0.0012,0.0007,0.0007,0.0004,55.985158333333324,45.161516666666664,11.426000000000002,215.11516054806137
264,SA 23-195,03 43 51.964,+45 10 02.52,12.125,0.688,0.275,0.42100000000000004,+0.429,+0.855,20,10,0.0008,0.0009,0.0019,0.0008,0.0008,0.0009,55.966516666666664,45.167366666666666,11.704,215.13520241608967
265,GD 38,03 02 30.970,+38 01 00.10,15.74,-0.214,-1.102,-0.16399999999999998,-0.184,-0.346,1,1, ... , ... , ... , ... , ... , ... ,45.62904166666666,38.01669444444445,15.904,215.1555146320077
266,GD 283,02 35 30.708,+57 15 24.50,13.735999999999999,0.145,-0.5329999999999999,-0.028999999999999998,-0.008,-0.039,1,1, ... , ... , ... , ... , ... , ... ,38.87795,57.25680555555556,13.764999999999999,215.95677230271016
267,GD 281,02 03 12.919,+54 48 28.68,13.955,0.5870000000000001,-0.047,0.386,+0.368,+0.754,1,1, ... , ... , ... , ... , ... , ... ,30.803829166666663,54.807966666666665,13.569,216.43858039124564
268,GD 279I,01 52 09.789,+47 00 03.75,14.443,0.9790000000000001,0.5820000000000001,0.545,+0.535,+1.079,8,4,0.0028,0.0035,0.0166,0.0032,0.0078,0.0099,28.040787499999997,47.001041666666666,13.898,216.44491072630285
269,GD 279G,01 52 05.094,+46 58 51.38,14.155999999999999,0.535,0.028999999999999998,0.325,+0.342,+0.671,8,4,0.0033,0.0029,0.0038,0.0039,0.0027,0.0046,28.021224999999998,46.98093888888889,13.831,216.462762928416
270,GD 279E,01 52 03.399,+47 03 18.06,14.011,0.736,0.281,0.415,+0.395,+0.813,8,4,0.0007,0.0008,0.0026,0.0027,0.0043,0.0014,28.014162499999998,47.05501666666667,13.596,222.3072818740134
271,GD 279A,01 52 02.968,+47 00 34.16,13.05,0.996,0.6859999999999999,0.5539999999999999,+0.519,+1.073,13,6,0.0005,0.0012,0.0040,0.0013,0.0009,0.0008,28.012366666666665,47.00948888888889,12.496,225.2632149385463
272,GD 279,01 52 02.960,+47 00 06.64,12.457,0.087,-0.613,-0.079,-0.056,-0.132,12,7,0.0010,0.0006,0.0020,0.0005,0.0022,0.0015,28.01233333333333,47.001844444444444,12.536000000000001,225.38169641622423
273,GD 279C,01 52 00.142,+47 01 40.56,13.913,1.068,0.78,0.5710000000000001,+0.520,+1.102,10,5,0.0011,0.0011,0.0051,0.0007,0.0014,0.0007,28.000591666666665,47.02793333333333,13.342,225.4736696348585
274,GD 279B,01 52 02.409,+47 01 41.48,11.714,0.267,0.138,0.146,+0.165,+0.313,8,4,0.0009,0.0008,0.0013,0.0009,0.0004,0.0010,28.0100375,47.02818888888889,11.568,225.5023036665664
275,GD 279D,01 51 59.862,+47 03 02.63,13.241,0.5579999999999999,0.027000000000000003,0.33399999999999996,+0.332,+0.662,8,4,0.0005,0.0009,0.0011,0.0005,0.0022,0.0011,27.999424999999995,47.05073055555555,12.907,226.93197726264498
276,GD 279H,01 51 55.520,+47 01 37.32,10.389000000000001,1.1179999999999999,0.958,0.605,+0.547,+1.148,8,4,0.0010,0.0020,0.0016,0.0004,0.0004,0.0010,27.981333333333332,47.027033333333335,9.784,237.31514245314867
277,GD 279F,01 51 55.046,+46 58 52.28,13.946,0.568,0.095,0.34299999999999997,+0.338,+0.679,6,3,0.0050,0.0029,0.0020,0.0025,0.0029,0.0048,27.97935833333333,46.98118888888889,13.603,237.31560494194883
278,GD 421D,01 51 31.415,+67 42 39.05,12.455,1.128,0.7120000000000001,0.6779999999999999,+0.669,+1.345,2,1,0.0028,0.0007,0.0057,0.0007,0.0071,0.0071,27.88089583333333,67.71084722222223,11.777000000000001,237.33729843966248
279,GD 421,01 51 10.260,+67 39 32.25,14.414000000000001,-0.213,-1.068,-0.095,-0.062,-0.158,4,2,0.0055,0.0040,0.0045,0.0060,0.0095,0.0130,27.792749999999998,67.65895833333335,14.509000000000002,239.6513354789891
280,GD 421A,01 50 28.859,+67 44 10.59,14.579,2.597,2.14,1.544,+1.391,+2.930,2,1,0.0021,0.0318,0.1202,0.0021,0.0014,0.0028,27.620245833333332,67.736275,13.035,239.66877155368817
281,GD 278B,01 31 06.659,+53 20 17.12,14.205,0.693,0.19,0.449,+0.467,+0.920,4,2,0.0010,0.0025,0.0055,0.0040,0.0065,0.0100,22.77774583333333,53.33808888888889,13.756,239.68011232887704
282,GD 421B,01 50 35.942,+67 43 57.79,14.407,1.197,0.812,0.654,+0.603,+1.256,2,1,0.0021,0.0057,0.0431,0.0071,0.0028,0.0021,27.64975833333333,67.73271944444444,13.753,239.68226616669028
283,GD 421C,01 50 34.378,+67 41 53.09,12.158,2.375,2.636,1.349,+1.232,+2.576,2,1,0.0007,0.0028,0.1259,0.0007,0.0007,0.0014,27.643241666666665,67.69808055555556,10.809,239.73388628605136
284,GD 278A,01 30 58.464,+53 22 17.91,14.850999999999999,1.4469999999999998,1.724,0.807,+0.753,+1.561,5,3,0.0020,0.0041,0.0087,0.0037,0.0045,0.0067,22.743599999999997,53.37164166666667,14.043999999999999,239.77084886473898
285,GD 278,01 30 58.075,+53 21 39.40,14.899000000000001,0.18600000000000003,-0.24,0.07200000000000001,+0.035,+0.099,4,3,0.0087,0.0037,0.0028,0.0050,0.0094,0.0096,22.741979166666667,53.36094444444445,14.827000000000002,239.84484202842543
286,GD 13A,01 29 40.762,+42 27 54.91,15.001,0.7509999999999999,0.308,0.439,+0.386,+0.826,1,1, ... , ... , ... , ... , ... , ... ,22.419841666666667,42.46525277777778,14.562,239.8597362475963
287,GD 13,01 29 42.654,+42 28 18.01,14.885,-0.08900000000000001,-0.914,-0.001,+0.247,+0.236,1,1, ... , ... , ... , ... , ... , ... ,22.427724999999995,42.471669444444444,14.886,239.8606443656079
288,GD 277,01 29 23.992,+51 08 46.99,13.536,-0.105,-0.9059999999999999,-0.10400000000000001,-0.107,-0.213,14,6,0.0009,0.0013,0.0026,0.0007,0.0026,0.0034,22.349966666666663,51.14638611111111,13.639999999999999,239.87538712227285
289,GD 277B,01 29 29.917,+51 08 02.46,14.524000000000001,0.659,0.276,0.42700000000000005,+0.427,+0.857,14,6,0.0019,0.0009,0.0039,0.0029,0.0010,0.0035,22.374654166666662,51.13401666666667,14.097000000000001,239.87677814410958
290,GD 275A,01 18 54.297,+52 27 49.99,15.019,1.483,1.3630000000000002,0.821,+0.776,+1.596,1,1, ... , ... , ... , ... , ... , ... ,19.726237499999996,52.463886111111115,14.198,239.88530065785315
291,GD 275,01 18 54.162,+52 27 13.59,15.683,0.14400000000000002,-0.526,0.028999999999999998,-0.058,-0.027,1,1, ... , ... , ... , ... , ... , ... ,19.725675,52.453775,15.654,239.89058898140615
292,GD 11,01 09 23.224,+37 32 45.78,15.235,-0.223,-1.058,-0.075,-0.164,-0.238,1,1, ... , ... , ... , ... , ... , ... ,17.346766666666664,37.54605,15.309999999999999,239.896825956952
293,GD 277A,01 29 28.971,+51 09 19.49,13.811,1.258,0.98,0.7070000000000001,+0.671,+1.383,13,6,0.0017,0.0005,0.0061,0.0009,0.0010,0.0024,22.3707125,51.15541388888889,13.104,239.90661308115125
294,GD 276,01 23 50.663,+47 47 14.62,16.500999999999998,0.17,-0.633,0.07,+0.044,+0.113,2,1,0.0049,0.0127,0.0064,0.0014,0.0481,0.0488,20.961095833333328,47.787394444444445,16.430999999999997,239.92587260158325
295,GD 418,01 23 24.123,+64 54 17.02,14.950999999999999,0.785,0.08,0.51,+0.503,+1.013,1,1, ... , ... , ... , ... , ... , ... ,20.850512499999997,64.90472777777778,14.440999999999999,239.93150142143674
296,GD 10A,01 06 58.606,+39 30 53.12,13.694,0.8240000000000001,0.45299999999999996,0.461,+0.422,+0.880,7,4,0.0006,0.0007,0.0017,0.0013,0.0005,0.0007,16.744191666666666,39.51475555555555,13.233,240.0379209726414
297,GD 10C,01 07 05.379,+39 31 28.37,14.388,0.522,-0.037000000000000005,0.307,+0.328,+0.632,6,3,0.0019,0.0037,0.0022,0.0039,0.0060,0.0065,16.772412499999998,39.524547222222225,14.081,240.0539446240188
298,GD 273,01 06 20.426,+56 04 56.53,15.694,0.084,-0.665,-0.069,-0.084,-0.152,2,1,0.0071,0.0028,0.0177,0.0481,0.0269,0.0233,16.585108333333334,56.082369444444446,15.763000000000002,240.0693547445443
299,GD 10,01 06 53.995,+39 30 56.92,15.456,0.198,-0.621,0.054000000000000006,+0.127,+0.155,10,4,0.0007,0.0032,0.0029,0.0028,0.0110,0.0120,16.724979166666667,39.51581111111111,15.402,240.07241569434223
300,GD 10B,01 07 00.369,+39 31 35.07,14.194,0.5720000000000001,0.013000000000000001,0.332,+0.334,+0.668,8,4,0.0018,0.0019,0.0022,0.0016,0.0040,0.0048,16.751537499999998,39.52640833333333,13.862,240.07483954367976
301,SA 20-346,00 47 21.152,+45 53 42.01,14.875,0.53,-0.036000000000000004,0.34,+0.317,+0.648,21,9,0.0013,0.0027,0.0047,0.0020,0.0043,0.0043,11.838133333333332,45.895002777777776,14.535,240.0780628436916
302,SA 20-343,00 47 15.351,+45 55 13.18,14.124,0.73,0.289,0.41200000000000003,+0.384,+0.803,12,6,0.0017,0.0023,0.0023,0.0026,0.0007,0.0034,11.813962499999997,45.92032777777778,13.712,240.0822112503939
303,SA 20-342,00 47 15.064,+45 54 09.59,14.65,0.9229999999999999,0.556,0.516,+0.460,+0.976,15,7,0.0007,0.0029,0.0058,0.0007,0.0007,0.0014,11.812766666666665,45.90266388888889,14.134,240.08816449483692
304,SA 20-456,00 47 12.443,+46 10 57.01,9.543,0.09,0.067,0.04,+0.041,+0.080,14,7,0.0006,0.0010,0.0019,0.0006,0.0006,0.0010,11.801845833333331,46.18250277777778,9.503,240.11340778282616
305,SA 20-345,00 47 19.094,+45 53 29.19,14.405999999999999,0.755,0.28600000000000003,0.41200000000000003,+0.382,+0.797,17,8,0.0026,0.0043,0.0055,0.0024,0.0027,0.0028,11.829558333333331,45.891441666666665,13.993999999999998,240.11557990737626
306,SA 20-208,00 47 10.514,+45 52 33.54,12.628,0.606,0.01,0.359,+0.361,+0.722,9,4,0.0009,0.0010,0.0035,0.0013,0.0022,0.0014,11.793808333333333,45.87598333333333,12.269,240.15640835087268
307,SA 20-338,00 47 08.418,+45 54 16.58,12.475,0.515,0.023,0.303,+0.301,+0.608,10,5,0.0022,0.0016,0.0031,0.0005,0.0018,0.0018,11.785074999999999,45.904605555555555,12.171999999999999,240.1811407806504
308,SA 20-446,00 46 48.808,+46 10 50.01,10.005,0.24600000000000002,0.161,0.127,+0.129,+0.259,14,7,0.0004,0.0008,0.0017,0.0009,0.0005,0.0010,11.703366666666666,46.18055833333333,9.878,240.20198430624862
309,SA 20-340,00 47 11.482,+45 53 22.77,10.127,0.968,0.637,0.514,+0.480,+0.995,10,5,0.0014,0.0004,0.0030,0.0010,0.0004,0.0008,11.797841666666665,45.88965833333333,9.613000000000001,240.20869428000887
310,SA 20-186,00 46 34.507,+45 50 50.56,11.109000000000002,0.418,0.115,0.259,+0.275,+0.531,14,8,0.0005,0.0006,0.0006,0.0006,0.0006,0.0009,11.643779166666665,45.84737777777778,10.850000000000001,240.24046354298983
311,SA 20-182,00 46 31.259,+45 50 25.68,12.732000000000001,1.023,0.763,0.5479999999999999,+0.517,+1.066,11,6,0.0027,0.0016,0.0030,0.0011,0.0021,0.0023,11.630245833333333,45.84046666666667,12.184000000000001,240.25985305179657
312,SA 20-435,00 46 25.267,+46 02 50.54,11.307,0.664,0.19899999999999998,0.377,+0.354,+0.732,12,7,0.0007,0.0006,0.0006,0.0011,0.0009,0.0006,11.605279166666666,46.04737222222222,10.93,240.26489600009668
313,SA 20-431,00 46 21.507,+46 06 30.24,9.951,1.091,0.9740000000000001,0.5710000000000001,+0.521,+1.088,12,7,0.0016,0.0005,0.0010,0.0006,0.0006,0.0006,11.5896125,46.1084,9.38,240.30259925144392
314,SA 20-163,00 45 59.779,+45 48 13.11,10.458,1.0290000000000001,0.872,0.5539999999999999,+0.498,+1.042,11,6,0.0004,0.0011,0.0022,0.0009,0.0016,0.0005,11.499079166666665,45.803641666666664,9.904,240.31147159460778
315,SA 20-420,00 45 56.621,+46 04 33.36,9.52,1.0070000000000001,0.733,0.534,+0.500,+1.028,14,8,0.0006,0.0006,0.0006,0.0007,0.0004,0.0009,11.485920833333331,46.07593333333334,8.985999999999999,240.3252539541645
316,SA 20-297,00 45 51.821,+45 53 44.79,8.907,-0.054000000000000006,-0.41700000000000004,-0.015,-0.020,-0.032,6,3,0.0007,0.0006,0.0017,0.0017,0.0017,0.0012,11.465920833333332,45.895775,8.922,240.38640730907335
317,SA 20-43,00 45 42.450,+45 35 15.39,10.412,0.764,0.301,0.43,+0.409,+0.838,6,3,0.0006,0.0022,0.0031,0.0012,0.0023,0.0031,11.426874999999999,45.587608333333336,9.982000000000001,240.48558215879723
318,SA 20-291,00 45 37.914,+45 56 54.86,10.454,0.794,0.429,0.425,+0.388,+0.812,8,5,0.0009,0.0004,0.0011,0.0004,0.0012,0.0014,11.407974999999999,45.94857222222222,10.029,240.60825921386228
319,SA 20-39,00 45 34.099,+45 36 48.21,9.353,0.47200000000000003,0.092,0.27699999999999997,+0.280,+0.555,10,5,0.0013,0.0016,0.0013,0.0010,0.0007,0.0016,11.392079166666665,45.613391666666665,9.076,240.62509185914496
320,SA 20-133,00 44 49.522,+45 44 57.85,10.824000000000002,0.457,0.138,0.268,+0.260,+0.528,10,6,0.0007,0.0014,0.0018,0.0010,0.0010,0.0006,11.206341666666663,45.74940277777778,10.556000000000001,242.70618100940783
321,SA 20-139,00 45 13.834,+45 47 48.08,11.272,1.0759999999999998,0.893,0.5670000000000001,+0.522,+1.091,10,5,0.0006,0.0006,0.0037,0.0006,0.0009,0.0005,11.307641666666665,45.79668888888889,10.705,242.98223391775525
322,GD 8,00 39 52.163,+31 32 29.19,14.699000000000002,-0.275,-1.169,-0.145,-0.197,-0.348,17,9,0.0012,0.0007,0.0027,0.0007,0.0022,0.0024,9.967345833333333,31.541441666666667,14.844000000000001,245.64933784463983
323,SA 20-245,00 44 21.182,+45 55 12.77,8.951,0.866,0.575,0.47600000000000003,+0.421,+0.894,9,4,0.0017,0.0006,0.0017,0.0010,0.0010,0.0011,11.088258333333332,45.92021388888889,8.475,245.74829324080548
324,SA 20-130,00 44 44.437,+45 49 50.97,11.032,1.052,0.845,0.5529999999999999,+0.514,+1.069,11,6,0.0005,0.0012,0.0021,0.0009,0.0005,0.0009,11.185154166666665,45.830825000000004,10.479,247.31035776696572
325,GD 8B,00 39 44.863,+31 36 36.48,13.652999999999999,0.8029999999999999,0.45399999999999996,0.446,+0.395,+0.837,17,8,0.0006,0.0006,0.0032,0.0005,0.0013,0.0011,9.936929166666667,31.610133333333334,13.206999999999999,257.81152290909483
326,GD 8A,00 39 40.965,+31 32 44.53,14.593,0.695,0.19899999999999998,0.4,+0.378,+0.780,17,9,0.0011,0.0012,0.0042,0.0012,0.0030,0.0024,9.9206875,31.54570277777778,14.193,257.84611266246395
327,GD 8C,00 39 37.145,+31 37 03.40,13.299000000000001,0.636,0.14,0.371,+0.358,+0.724,14,7,0.0016,0.0019,0.0019,0.0009,0.0015,0.0021,9.904770833333332,31.617611111111113,12.928,257.927195835165
328,GD 410,00 35 24.704,+60 58 11.27,12.845,0.725,0.086,0.441,+0.438,+0.879,1,1, ... , ... , ... , ... , ... , ... ,8.852933333333333,60.969797222222226,12.404,257.9792363954446
329,GD 2D,00 07 41.634,+33 17 57.33,14.255,0.605,0.006999999999999999,0.355,+0.370,+0.729,9,5,0.0049,0.0024,0.0024,0.0042,0.0065,0.0047,1.9234749999999996,33.299258333333334,13.9,257.99609181076534
330,GD 2,00 07 32.261,+33 17 27.62,13.802,-0.295,-1.192,-0.142,-0.171,-0.313,26,13,0.0015,0.0016,0.0015,0.0009,0.0018,0.0022,1.8844208333333332,33.29100555555555,13.943999999999999,258.02850639980494
331,GD 2E,00 07 36.675,+33 17 41.73,15.187999999999999,0.575,0.076,0.33899999999999997,+0.323,+0.652,7,4,0.0024,0.0038,0.0070,0.0024,0.0085,0.0087,1.9028124999999996,33.294925,14.848999999999998,258.03923970862905
332,GD 2C,00 07 32.355,+33 20 14.69,13.314,0.619,0.081,0.36,+0.357,+0.718,17,8,0.0013,0.0013,0.0017,0.0008,0.0015,0.0013,1.8848125,33.33741388888889,12.954,258.05030828833446
333,GD 2A,00 07 26.174,+33 18 19.18,14.853,0.912,0.684,0.53,+0.462,+1.002,17,8,0.0024,0.0021,0.0091,0.0016,0.0020,0.0022,1.8590583333333333,33.30532777777778,14.323,258.0513590158746
334,GD 2B,00 07 25.484,+33 19 00.17,13.279000000000002,0.588,-0.001,0.35,+0.349,+0.697,19,10,0.0010,0.0018,0.0019,0.0011,0.0010,0.0014,1.856183333333333,33.31671388888889,12.929000000000002,258.0744313051977
