Table 5
Accurate Coordinates and Proper Motions for the Standard Stars

Star Name	alpha (J2000.0)	delta (J2000.0)	UCAC4	2MASS-PSC	mu_alpha		mu_delta		
(mas yr^-1)	(mas yr^-1)	(mas yr^-1)	(mas yr^-1)	
GD 2B	00 07 25.484	+33 19 00.17	617-000374	J00072547+3319002	-9.6	2.5	-21.6	0.7	
GD 2A	00 07 26.174	+33 18 19.18	617-000376	J00072616+3318191	-17.3	3.5	-9.7	3.7	
GD 2	00 07 32.261	+33 17 27.62	617-000381	J00073225+3317275	-78.1	1.8	-66.7	2.1	
GD 2C	00 07 32.355	+33 20 14.69	617-000382	J00073235+3320147	-4.5	2.2	1.8	2.3	
GD 2E	00 07 36.675	+33 17 41.73	617-000386	J00073667+3317418	6.1	2.3	-0.2	2.5	
GD 2D	00 07 41.634	+33 17 57.33	617-000392	J00074163+3317573	-7.5	1.7	-5.9	1.9	
GD 410	00 35 24.704	+60 58 11.27	755-006666	J00352470+6058113	109.1	1.4	42.1	1.0	
GD 8C	00 39 37.145	+31 37 03.40	609-001876	J00393714+3137034	-5.9	1.7	-11.5	3.7	
GD 8A	00 39 40.965	+31 32 44.53	608-001920	J00394096+3132445	-3.6	4.2	-10.7	4.5	
GD 8B	00 39 44.863	+31 36 36.48	609-001882	J00394486+3136364	8.2	2.2	-13.3	2.7	
GD 8	00 39 52.163	+31 32 29.19	608-001929	J00395215+3132292	70.6	2.6	-56.6	3.0	
SA 20-245	00 44 21.182	+45 55 12.77	680-004291	J00442119+4555126	-44.8	0.6	28.4	0.5	
SA 20-130	00 44 44.437	+45 49 50.97	680-004329	J00444443+4549509	1.9	0.6	-5.1	0.6	
SA 20-133	00 44 49.522	+45 44 57.85	679-004203	J00444952+4544577	8.1	0.7	-6.4	0.7	
SA 20-139	00 45 13.834	+45 47 48.08	679-004228	J00451382+4547481	7.8	1.5	-9.7	0.6	
SA 20-39	00 45 34.099	+45 36 48.21	679-004251	J00453410+4536482	-11.8	0.6	-6.3	0.6	
SA 20-291	00 45 37.914	+45 56 54.86	680-004398	J00453791+4556548	66.6	0.9	8.4	0.5	
SA 20-43	00 45 42.450	+45 35 15.39	678-004237	J00454244+4535153	8.5	0.9	-7.4	0.7	
SA 20-297	00 45 51.821	+45 53 44.79	680-004410	J00455182+4553447	-2.1	0.7	-4.6	0.6	
SA 20-420	00 45 56.621	+46 04 33.36	681-004543	J00455661+4604332	4.4	0.8	1.7	0.6	
SA 20-163	00 45 59.779	+45 48 13.11	680-004419	J00455976+4548130	72.6	1.0	12.8	0.7	
SA 20-431	00 46 21.507	+46 06 30.24	681-004570	J00462151+4606302	-2.9	1.0	-5.1	0.6	
SA 20-435	00 46 25.267	+46 02 50.54	681-004577	J00462527+4602505	-1.1	0.9	-16.4	0.6	
SA 20-182	00 46 31.259	+45 50 25.68	680-004467	J00463125+4550256	-5.4	2.5	-1.1	1.9	
SA 20-186	00 46 34.507	+45 50 50.56	680-004474	J00463450+4550505	8.2	0.6	2.0	0.8	
SA 20-446	00 46 48.808	+46 10 50.01	681-004611	J00464880+4610499	-0.5	1.0	-7.1	0.7	
SA 20-338	00 47 08.418	+45 54 16.58	680-004524	J00470842+4554165	7.0	1.4	-1.4	1.2	
SA 20-208	00 47 10.514	+45 52 33.54	680-004530	J00471051+4552335	-11.6	0.7	14.5	0.6	
SA 20-340	00 47 11.482	+45 53 22.77	680-004532	J00471146+4553226	8.7	0.6	-12.0	0.5	
SA 20-456	00 47 12.443	+46 10 57.01	681-004648	J00471244+4610570	-6.6	0.6	-4.9	0.8	
SA 20-342	00 47 15.064	+45 54 09.59	680-004540	J00471506+4554095	-1.5	5.5	-6.1	5.4	
SA 20-343	00 47 15.351	+45 55 13.18	680-004541	J00471535+4555131	-8.8	2.7	-5.0	3.1	
SA 20-345	00 47 19.094	+45 53 29.19	680-004544	J00471909+4553292	7.2	2.9	-14.2	3.3	
SA 20-346	00 47 21.152	+45 53 42.01	680-004546	J00472114+4553421	-1.9	5.5	-6.4	5.5	
GD 273	01 06 20.426	+56 04 56.53	731-010368	J01062040+5604563	108.3	13.7	-37.8	10.2	
GD 10	01 06 53.995	+39 30 56.92	648-004226	J01065396+3930568	171.0	8.0	16.0	8.0	
GD 10A	01 06 58.606	+39 30 53.12	648-004232	J01065860+3930531	18.9	1.9	-8.3	2.2	
GD 10B	01 07 00.369	+39 31 35.07	648-004235	J01070037+3931350	-6.0	2.1	-2.1	2.5	
GD 10C	01 07 05.379	+39 31 28.37	648-004238	J01070537+3931283	2.2	5.4	-6.5	5.9	
GD 11	01 09 23.224	+37 32 45.78	638-004050	J01092318+3732458	157.0	8.0	-39.0	8.0	
GD 275	01 18 54.162	+52 27 13.59	713-010330	J01185423+5227137	-162.0	8.0	-30.0	8.0	
GD 275A	01 18 54.297	+52 27 49.99	713-010332	J01185430+5227499	4.5	3.1	3.7	3.0	
GD 418	01 23 24.123	+64 54 17.02	775-006965	J01232403+6454172	128.0	2.0	-60.0	3.0	
GD 276	01 23 50.663	+47 47 14.62	 ... 	J01235066+4747146	78.0	3.0	22.0	1.0	
GD 277	01 29 23.992	+51 08 46.99	706-010971	J01292398+5108471	33.9	1.5	-102.8	3.3	
GD 277A	01 29 28.971	+51 09 19.49	706-010981	J01292897+5109194	-2.7	2.5	-2.1	2.9	
GD 277B	01 29 29.917	+51 08 02.46	706-010983	J01292992+5108025	-6.4	2.6	-5.4	2.8	
GD 13A	01 29 40.762	+42 27 54.91	663-006350	J01294076+4227548	4.1	2.7	-5.1	2.8	
GD 13	01 29 42.654	+42 28 18.01	663-006352	J01294264+4228180	92.4	2.6	0.9	2.6	
GD 278	01 30 58.075	+53 21 39.40	717-012427	J01305806+5321397	66.0	3.0	-84.0	4.0	
GD 278A	01 30 58.464	+53 22 17.91	717-012428	J01305806+5321397	2.7	4.2	4.0	4.0	
GD 278B	01 31 06.659	+53 20 17.12	717-012445	J01310666+5320170	4.0	5.6	-11.1	5.0	
GD 421A	01 50 28.859	+67 44 10.59	789-005531	J01502885+6744105	-3.8	2.9	-0.8	3.1	
GD 421C	01 50 34.378	+67 41 53.09	789-005538	J01503435+6741530	-1.3	1.6	-8.9	1.7	
GD 421B	01 50 35.942	+67 43 57.79	789-005539	J01503591+6743577	-7.5	2.5	-30.6	2.8	
GD 421	01 51 10.260	+67 39 32.25	789-005554	J01511028+6739312	146.0	8.0	-2.0	8.0	
GD 421D	01 51 31.415	+67 42 39.05	789-005569	J01513141+6742389	11.4	4.2	-13.6	4.1	
GD 279F	01 51 55.046	+46 58 52.28	685-010802	J01515504+4658522	-1.9	2.6	-5.8	1.7	
GD 279H	01 51 55.520	+47 01 37.32	686-010968	J01515551+4701373	-9.1	1.1	-13.5	0.5	
GD 279D	01 51 59.862	+47 03 02.63	686-010978	J01515985+4703025	-1.1	1.3	-7.5	1.1	
GD 279C	01 52 00.142	+47 01 40.56	686-010980	J01520013+4701405	-25.9	23.6	0.2	2.3	
GD 279B	01 52 02.409	+47 01 41.48	686-010985	J01520240+4701414	-6.8	1.1	-1.3	0.8	
GD 279	01 52 02.960	+47 00 06.64	686-010987	J01520295+4700066	2.2	0.8	121.1	0.5	
GD 279A	01 52 02.968	+47 00 34.16	686-010988	J01520296+4700340	-1.1	9.1	-14.8	2.0	
GD 279E	01 52 03.399	+47 03 18.06	686-010989	J01520339+4703180	-2.3	2.8	-11.4	2.1	
GD 279G	01 52 05.094	+46 58 51.38	685-010821	J01520509+4658513	-13.1	1.9	-6.0	2.0	
GD 279I	01 52 09.789	+47 00 03.75	686-010999	J01520878+4700037	6.9	14.6	5.9	5.8	
GD 281	02 03 12.919	+54 48 28.68	725-018576	J02031292+5448286	121.2	1.6	-31.8	1.6	
GD 283	02 35 30.708	+57 15 24.50	737-027439	J02353067+5715247	193.5	2.7	-30.4	3.3	
GD 38	03 02 30.970	+38 01 00.10	641-012175	J03023094+3800595	99.0	8.0	-39.0	8.0	
SA 23-195	03 43 51.964	+45 10 02.52	676-021990	J03435196+4510025	-2.0	1.3	-6.0	1.8	
SA 23-198	03 43 56.438	+45 09 41.46	676-021999	J03435643+4509414	-2.6	0.9	-1.9	0.4	
SA 23-15	03 44 05.128	+45 06 03.00	676-022021	J03440513+4506029	-5.2	0.9	-5.8	0.7	
SA 23-402	03 44 23.010	+45 23 37.73	677-021756	J03442300+4523377	-1.4	0.6	-1.1	0.6	
SA 23-241	03 44 36.960	+45 17 59.22	677-021797	J03443695+4517592	8.7	0.5	-0.8	1.0	
SA 23-45	03 44 42.135	+45 04 43.53	676-022112	J03444209+4504436	-4.6	1.5	1.5	0.9	
SA 23-246	03 44 43.903	+45 18 01.25	677-021818	J03444389+4518012	-0.7	1.4	-2.4	2.2	
SA 23-561	03 44 53.412	+45 30 25.87	678-022969	J03445340+4530258	-2.7	1.2	-2.1	0.8	
SA 23-418	03 44 56.347	+45 18 59.93	677-021848	J03445634+4518599	-28.2	1.2	-27.6	0.6	
SA 23-57	03 44 59.361	+45 03 47.90	676-022167	J03445933+4503479	-3.4	1.6	0.4	1.9	
SA 23-264	03 45 04.420	+45 17 48.41	677-021868	J03450441+4517485	-6.2	1.7	-33.3	0.9	
SA 23-433	03 45 27.133	+45 28 46.63	678-023058	J03452713+4528466	-6.7	3.2	-3.6	3.7	
SA 23-435	03 45 31.545	+45 27 19.89	678-023063	J03453154+4527199	-11.5	2.3	-1.6	3.0	
SA 23-436	03 45 33.388	+45 27 12.92	678-023069	J03453338+4527129	-10.7	5.5	2.7	5.9	
SA 23-438	03 45 35.825	+45 24 31.45	678-023079	J03453582+4524314	34.0	2.4	-34.8	2.9	
SA 23-439	03 45 38.594	+45 25 15.33	678-023084	J03453859+4525154	-3.9	4.0	0.0	4.0	
SA 23-440	03 45 39.288	+45 28 12.70	678-023088	J03453928+4528127	-16.6	0.9	-8.8	1.4	
SA 23-441	03 45 39.328	+45 25 37.28	678-023089	J03453931+4525373	18.5	6.4	-3.9	6.4	
SA 23-443	03 45 45.754	+45 25 33.98	678-023108	J03454575+4525340	8.3	0.7	-1.7	0.7	
SA 23-444	03 45 48.007	+45 27 17.36	678-023115	J03454800+4527174	0.6	4.0	-7.4	4.0	
SA 23-300	03 45 56.378	+45 14 43.91	677-021997	J03455639+4514438	-31.4	1.1	-1.2	0.8	
GD 61C	04 38 27.184	+41 10 07.68	656-023484	J04382718+4110077	-1.2	1.9	-3.4	3.5	
GD 61B	04 38 29.122	+41 11 00.48	656-023493	J04382911+4111005	0.0	2.4	2.1	2.3	
GD 61	04 38 39.369	+41 09 32.37	656-023527	J04383938+4109325	0.5	3.1	-106.6	3.4	
GD 61A	04 38 41.533	+41 10 51.24	656-023535	J04384153+4110512	2.2	1.8	8.1	2.4	
GD 64D	04 57 08.313	+41 55 12.86	660-028861	J04570831+4155129	2.7	3.0	-6.5	1.2	
GD 64B	04 57 18.332	+41 55 28.12	660-028892	J04571833+4155281	-4.1	1.6	-2.0	3.4	
GD 64C	04 57 21.370	+41 54 23.70	660-028906	J04572137+4154236	-5.6	3.1	-1.9	3.9	
GD 64	04 57 22.540	+41 55 56.45	660-028908	J04572254+4155567	13.2	3.4	-212.3	2.3	
GD 64A	04 57 25.311	+41 55 30.57	660-028922	J04572531+4155305	1.6	4.8	-3.9	2.4	
GD 64E	04 57 26.257	+41 55 52.18	660-028928	J04572625+4155521	0.6	1.1	-2.4	0.9	
GD 64F	04 57 28.704	+41 55 50.45	660-028940	J04572868+4155505	-0.3	2.9	-3.3	2.0	
SA 26-219	06 42 23.097	+44 47 54.40	674-046916	J06422308+4447544	-3.3	0.6	5.3	0.7	
SA 26-27	06 42 39.409	+44 31 47.34	673-048633	J06423940+4431474	-2.3	0.8	-5.6	0.8	
SA 26-231	06 42 51.320	+44 51 18.46	675-047782	J06425131+4451184	-8.5	0.8	-4.8	1.1	
SA 26-135	06 42 58.715	+44 38 52.53	674-046954	J06425871+4438525	-2.8	0.6	-2.9	0.8	
SA 26-234	06 43 07.334	+44 50 32.75	675-047797	J06430733+4450326	3.8	1.0	-16.9	0.7	
SA 26-139	06 43 09.275	+44 40 03.79	674-046964	J06430927+4440038	-14.2	1.6	-0.6	0.9	
SA 26-150	06 43 37.042	+44 43 20.73	674-046994	J06433704+4443208	0.9	1.0	-4.9	0.6	
SA 26-58	06 43 38.231	+44 25 11.15	673-048696	J06433822+4425111	55.5	0.7	-55.9	0.6	
SA 26-60	06 43 41.731	+44 30 45.40	673-048701	J06434172+4430454	1.7	0.7	-4.3	0.6	
SA 26-262	06 44 05.750	+44 47 22.64	674-047021	J06440575+4447226	3.5	1.7	-22.5	1.9	
SA 26-264	06 44 14.139	+44 46 42.13	674-047037	J06441414+4446421	-21.7	3.9	-4.8	3.7	
SA 26-265	06 44 14.929	+44 47 41.53	674-047038	J06441493+4447416	38.1	2.9	-58.7	5.7	
SA 26-268	06 44 19.474	+44 47 35.10	674-047043	J06441948+4447351	0.0	2.9	-11.7	3.2	
SA 26-269	06 44 21.694	+44 47 43.74	674-047047	J06442170+4447438	-2.1	4.0	-5.6	4.0	
SA 26-272	06 44 24.818	+44 46 17.78	674-047049	J06442481+4446179	4.3	3.6	-30.6	3.5	
SA 26-273	06 44 25.825	+44 48 21.60	675-047912	J06442582+4448216	-11.9	4.2	8.1	2.2	
SA 26-172	06 44 31.718	+44 34 05.88	673-048751	J06443171+4434059	-1.2	0.7	-20.4	1.1	
SA 26-278	06 44 32.844	+44 47 18.28	674-047059	J06443284+4447184	-8.6	3.7	-0.1	3.8	
SA 26-279	06 44 38.232	+44 46 44.95	674-047066	J06443823+4446450	1.2	3.5	-3.1	2.7	
SA 26-280	06 44 39.784	+44 48 25.64	675-047930	J06443977+4448257	1.4	1.5	-9.0	1.1	
SA 26-93	06 45 13.215	+44 30 56.56	673-048804	J06451322+4430562	-4.5	1.5	-0.8	1.5	
SA 26-95	06 45 16.159	+44 32 04.67	673-048807	J06451616+4432045	-5.3	1.3	0.6	1.0	
SA 26-96	06 45 17.185	+44 27 43.18	673-048808	J06451718+4427431	-13.0	12.9	1.3	2.9	
GD 91	08 30 09.451	+45 20 30.39	677-049880	J08300946+4520303	-95.2	4.1	-103.3	4.6	
GD 91B	08 30 10.294	+45 19 10.14	677-049881	J08301031+4519099	-21.4	2.2	-12.2	2.5	
GD 91A	08 30 16.361	+45 19 50.28	677-049885	J08301637+4519501	-1.0	1.7	-3.6	2.0	
PG0837+401B	08 40 58.400	+39 56 27.82	650-048270	J08405839+3956278	5.0	1.7	-8.1	2.0	
PG0837+401C	08 41 00.157	+39 55 54.49	650-048271	J08410015+3955545	3.2	1.3	-14.5	0.9	
PG0837+401	08 41 01.307	+39 56 18.13	650-048272	J08410129+3956181	9.0	4.7	-2.1	4.4	
PG0837+401A	08 41 04.495	+39 57 05.65	650-048273	J08410449+3957056	-20.0	2.8	-25.7	3.1	
KUV 345-30A	08 43 09.810	+39 46 15.09	649-046824	J08430981+3946151	8.3	2.9	-11.0	3.2	
KUV 345-30	08 43 12.709	+39 44 49.73	649-046825	J08431271+3944498	-3.5	1.9	-10.7	2.2	
PG0846+558B	08 49 41.020	+55 36 08.52	729-046561	J08494100+5536085	-14.0	3.4	-14.5	2.7	
PG0846+558A	08 49 42.276	+55 34 45.17	728-047552	J08494226+5534452	-16.5	2.7	-30.7	3.0	
PG0846+558	08 49 51.084	+55 35 14.94	 ... 	 ... 	12.0	1.0	-16.0	5.0	
GD 98B	08 57 09.788	+40 18 35.13	652-048948	J08570978+4018351	13.0	2.2	-11.1	2.6	
GD 98A	08 57 17.818	+40 17 53.92	652-048951	J08571781+4017539	-2.3	2.1	-7.9	2.5	
GD 98	08 57 30.443	+40 16 12.62	652-048956	J08573043+4016130	23.0	8.0	-198.0	8.0	
GD 299	09 38 20.351	+55 05 50.08	726-046051	J09382033+5505500	2.0	0.8	-69.7	0.9	
SA 29-153	09 41 34.127	+44 12 25.37	672-053393	J09413413+4412253	-19.4	0.5	-27.9	0.7	
SA 29-157	09 42 01.262	+44 11 46.38	671-054330	J09420127+4411464	1.2	0.9	-15.6	0.9	
SA 29-350	09 42 08.386	+44 32 57.10	673-055236	J09420840+4432570	-37.5	0.6	-9.4	0.8	
SA 29-22	09 42 49.281	+43 49 35.75	670-055010	J09424930+4349356	-9.8	3.2	-18.0	1.7	
SA 29-24	09 42 58.482	+43 50 04.87	670-055012	J09425847+4350050	-1.5	0.7	-40.1	0.5	
SA 29-303	09 44 53.037	+44 25 07.54	673-055285	J09445303+4425076	7.5	0.7	-8.3	0.6	
SA 29-322	09 46 31.722	+44 22 32.87	672-053468	J09463173+4422328	-33.0	0.6	-45.4	0.7	
SA 29-324	09 46 53.607	+44 25 05.72	673-055325	J09465360+4425057	-2.8	0.9	-2.6	1.4	
PG0943+521A	09 47 03.487	+51 55 09.32	710-050402	J09470348+5155093	-77.5	2.4	-52.5	2.6	
SA 29-327	09 47 04.537	+44 22 31.17	672-053478	J09470453+4422312	-25.1	0.5	-21.3	0.9	
SA 29-399	09 47 05.253	+44 41 02.64	674-053607	J09470524+4441025	-11.0	1.8	-5.6	2.3	
SA 29-400	09 47 08.212	+44 40 07.66	674-053609	J09470820+4440075	-4.7	3.0	-13.7	3.7	
PG0943+521	09 47 11.942	+51 54 08.91	710-050406	J09471193+5154089	32.6	1.6	-5.9	1.7	
SA 29-402	09 47 16.900	+44 38 20.30	674-053612	J09471689+4438201	2.8	2.9	-12.2	3.6	
SA 29-404	09 47 19.809	+44 40 26.74	674-053613	J09471979+4440266	-7.5	2.0	-23.8	2.4	
SA 29-331	09 47 19.945	+44 24 28.55	673-055339	J09471994+4424286	-4.7	0.8	0.3	0.6	
SA 29-405	09 47 20.158	+44 41 08.31	674-053614	J09472015+4441082	-0.4	2.7	-31.6	3.4	
SA 29-251	09 47 21.715	+44 14 13.96	672-053484	J09472171+4414139	-35.7	0.6	-16.4	0.7	
SA 29-406	09 47 24.345	+44 39 43.93	674-053616	J09472433+4439438	-16.2	2.9	-10.4	3.7	
SA 29-407	09 47 24.351	+44 37 56.67	674-053617	J09472434+4437565	0.3	2.9	-4.2	3.7	
SA 29-408	09 47 25.926	+44 41 34.07	674-053618	J09472591+4441340	3.3	1.8	-2.8	2.2	
SA 29-409	09 47 30.510	+44 40 00.42	674-053620	J09473049+4440003	-0.2	2.1	-4.0	2.4	
GD 300B	09 55 01.207	+51 39 58.80	709-049230	J09550120+5139587	-5.6	2.2	2.7	1.4	
GD 300	09 55 19.466	+51 36 59.03	709-049232	J09551945+5136590	-76.9	0.7	-95.7	0.6	
GD 300A	09 55 34.484	+51 36 41.97	709-049234	J09553447+5136419	-15.1	1.0	-8.2	1.2	
KUV 348-07	09 56 52.394	+41 15 22.10	657-052453	J09565240+4115221	-20.1	12.4	24.3	9.9	
KUV 348-07A	09 56 57.179	+41 16 49.89	657-052454	J09565719+4116499	-14.2	2.5	10.8	3.0	
KUV 348-07B	09 56 58.396	+41 13 03.63	657-052455	J09565839+4113037	13.7	4.2	-7.3	4.6	
KUV 348-13B	10 03 53.506	+40 32 01.93	653-052684	J10035351+4032020	-25.2	3.1	-14.7	3.6	
KUV 348-13	10 03 54.276	+40 34 18.10	653-052686	J10035428+4034182	-1.7	1.9	-15.9	1.6	
KUV 348-13A	10 04 06.316	+40 35 25.49	653-052693	J10040632+4035254	-3.1	1.7	3.9	2.3	
KUV 348-14A	10 05 06.918	+38 47 14.14	644-047205	J10050693+3847143	-3.1	2.3	-4.8	2.9	
KUV 348-14	10 05 09.884	+38 46 15.14	644-047206	J10050988+3846151	-5.2	2.2	-5.4	2.9	
KUV 348-14B	10 05 17.296	+38 47 35.05	644-047208	J10051730+3847352	-14.7	2.9	-19.0	3.3	
KUV 348-14C	10 05 18.521	+38 48 11.44	645-048159	J10051852+3848115	-1.5	4.3	-13.3	4.5	
GD 111A	10 05 45.210	+42 46 49.44	664-055399	J10054520+4246494	-20.4	2.5	7.9	2.8	
GD 111	10 05 48.965	+42 48 03.14	665-055803	J10054904+4248036	-142.0	3.0	-56.0	3.0	
GD 111B	10 06 02.757	+42 45 43.10	664-055402	J10060274+4245430	34.0	1.8	-1.9	2.3	
GD 310	11 29 10.923	+38 08 51.64	641-047816/4	J11291092+3808515	-98.1	6.6	-6.8	2.8	
PG1126+469B	11 29 14.264	+46 34 22.59	683-054611	J11291427+4634226	-25.0	0.9	-52.9	0.6	
GD 310C	11 29 25.990	+38 06 12.01	641-047820	J11292598+3806120	18.7	2.3	-5.5	6.5	
PG1126+469	11 29 28.671	+46 35 31.75	683-054614	J11292866+4635317	-11.0	1.4	2.7	1.9	
GD 310A	11 29 29.898	+38 09 14,09	641-047822	J11292989+3809141	-9.8	1.8	-14.5	2.0	
GD 310B	11 29 35.454	+38 08 12.60	641-047825	J11293545+3808126	-5.3	2.7	-6.7	2.9	
PG1126+469A	11 29 36.579	+46 35 44.99	683-054617	J11293657+4635448	5.6	0.9	-19.3	1.2	
KUV 352-09	11 36 24.386	+39 29 33.88	648-050654	J11362438+3929338	-3.1	0.6	-6.2	0.9	
SA 103-518	11 56 30.866	-00 32 37.58	448-053720	J11563087-0032375	-39.0	1.8	-40.3	1.4	
SA 103-626	11 56 46.156	-00 23 14.70	449-052212	J11564615-0023146	18.1	1.2	-10.2	1.7	
SA 103-528	11 57 00.826	-00 26 01.45	448-053734	J11570082-0026014	-11.9	1.0	-13.9	1.0	
SA 103-529	11 57 01.882	-00 26 58.96	448-053735	J11570188-0026589	6.7	1.4	-4.0	1.7	
SA 103-646	11 57 20.329	-00 21 00.92	449-052235	J11572032-0021010	-1.7	1.4	0.3	1.6	
GD 314E	12 03 47.219	+60 32 08.59	753-048653	J12034723+6032087	-1.6	3.4	4.9	3.9	
GD 314C	12 04 01.598	+60 37 48.53	754-046742	J12040160+6037486	2.4	1.8	0.3	2.4	
GD 314D	12 04 02.198	+60 34 57.98	753-048655	J12040220+6034580	-10.7	3.4	5.2	4.0	
GD 314	12 04 38.536	+60 32 08.08	753-048661	J12043856+6032082	-53.6	1.5	-28.3	2.1	
GD 314A	12 05 04.878	+60 35 11.92	753-048666	J12050489+6035119	-9.3	1.0	-13.9	0.5	
GD 314B	12 05 18.007	+60 36 47.89	754-046757	J12051802+6036479	-35.7	0.6	6.8	0.6	
PG1210+533B	12 13 18.722	+53 02 53.73	716-051192	J12131872+5302538	-22.9	0.7	-8.1	1.7	
PG1210+533A	12 13 24.431	+53 02 27.15	716-051194	J12132443+5302272	-7.1	3.8	2.8	4.0	
PG1210+533	12 13 24.643	+53 03 57.27	716-051195	J12132464+5303573	7.9	2.0	-41.5	2.5	
SA 32-270	12 55 07.557	+44 23 14.09	672-055958	J12550753+4423141	-12.5	1.7	6.0	1.8	
SA 32-271	12 55 08.586	+44 23 13.45	672-055959	J12550857+4423134	-97.9	0.6	1.9	0.6	
SA 32-272	12 55 10.338	+44 17 28.83	672-055960	J12551032+4417289	64.4	0.6	-70.9	0.7	
SA 32-330	12 55 26.396	+44 33 35.57	673-057919	J12552638+4433353	-38.0	0.5	1.2	0.7	
SA 32-377	12 55 45.397	+44 40 38.60	674-056036	J12554539+4440386	-19.1	0.6	6.7	0.9	
SA 32-379	12 55 50.119	+44 42 22.67	674-056039	J12555011+4442226	-0.6	0.9	-2.0	0.9	
SA 32-282	12 56 02.614	+44 26 49.25	673-057927	J12560261+4426493	-12.6	0.6	-22.4	0.6	
SA 32-212	12 56 03.313	+44 15 28.14	672-055973	J12560329+4415280	-3.3	0.6	-9.8	0.7	
SA 32-166	12 56 08.942	+44 00 55.03	671-056966	J12560892+4400547	-8.6	4.2	2.1	4.6	
SA 32-167	12 56 11.417	+44 00 32.42	671-056967	J12561139+4400323	-9.8	1.9	0.8	2.6	
SA 32-105	12 56 29.185	+43 54 07.17	670-057695	J12562918+4354071	-16.3	1.9	10.7	2.6	
SA 32-106	12 56 32.000	+43 56 45.10	670-057697	J12563200+4356450	-45.4	1.9	-1.3	2.6	
SA 32-107	12 56 34.300	+43 54 33.99	670-057698	J12563429+4354339	7.0	2.4	-5.0	3.1	
SA 32-220	12 56 34.353	+44 15 02.31	672-055984	J12563434+4415024	0.4	1.8	15.2	2.5	
SA 32-172	12 56 35.217	+44 02 25.52	671-056976	J12563522+4402254	-20.5	3.9	11.2	4.0	
SA 32-221	12 56 36.794	+44 14 59.60	672-055985	J12563679+4414597	-47.6	1.5	-16.2	0.7	
SA 32-109	12 56 40.337	+43 56 33.74	670-057699	J12564033+4356336	-15.4	0.9	23.2	0.6	
SA 32-174	12 56 55.284	+44 05 00.64	671-056978	J12565530+4405006	-86.4	1.3	-31.9	1.6	
SA 32-175	12 57 00.485	+44 05 02.78	671-056981	J12570049+4405029	25.6	1.8	-83.5	2.1	
GD 153	12 57 02.325	+22 01 52.66	561-053035	J12570233+2201526	-28.0	1.0	-194.0	5.0	
SA 32-176	12 57 03.215	+44 00 33.80	671-056983	J12570321+4400338	3.0	0.5	11.4	0.6	
SA 32-177	12 57 17.140	+44 01 00.49	671-056988	J12571716+4401004	-39.2	0.5	2.1	0.6	
SA 32-178	12 57 25.633	+44 02 02.82	671-056989	J12572563+4402028	59.4	0.8	-39.0	0.7	
SA 32-113	12 57 25.835	+43 56 32.95	670-057703	J12572585+4356330	-69.3	0.7	52.4	0.6	
SA 32-62	12 58 30.288	+43 43 19.21	669-056966	J12583028+4343192	-13.3	1.0	-15.0	1.3	
SA 32-64	12 58 36.649	+43 43 35.26	669-056967	J12583664+4343352	-41.5	0.8	16.4	0.9	
PG1314+442A	13 16 31.974	+43 58 14.74	670-057946	J13163196+4358147	-13.7	3.4	-18.1	4.0	
PG1314+442	13 16 33.109	+43 59 05.46	670-057947	J13163310+4359054	-7.5	3.2	-2.5	3.7	
GD 325	13 36 01.794	+48 28 46.15	693-053980	J13360209+4828472	-114.0	23.0	-38.0	6.0	
GD 325A	13 36 08.189	+48 28 57.62	693-053983	J13360817+4828577	-3.2	2.7	-4.4	3.0	
GD 325B	13 36 27.776	+48 29 30.70	693-053988	J13362777+4829307	20.8	1.2	-17.0	1.2	
GD 325C	13 36 31.813	+48 30 17.74	693-053989	J13363181+4830177	-14.0	1.6	-6.6	2.2	
PG1343+578	13 45 01.414	+57 30 12.84	738-053330	J13450142+5730128	-0.9	1.3	-8.0	1.4	
PG1343+578A	13 45 04.743	+57 32 11.27	738-053331	J13450474+5732112	-4.6	1.4	0.1	1.7	
GD 336B	14 31 46.324	+37 07 46.67	636-050218	J14314632+3707467	13.4	1.2	11.2	1.6	
GD 336A	14 31 50.878	+37 05 17.40	636-050220	J14315088+3705175	-0.8	1.3	6.2	1.7	
GD 336	14 31 56.628	+37 06 30.07	636-050221	J14315666+3706299	-105.3	2.6	24.4	2.8	
GD 336C	14 32 03.469	+37 04 19.95	636-050222	J14320347+3704199	-0.2	1.5	-0.7	1.8	
PG1430+427C	14 32 20.592	+42 30 24.07	663-059774	J14322059+4230240	-32.1	0.8	32.7	0.8	
PG1430+427	14 32 33.889	+42 30 19.07	663-059778	J14323389+4230192	-3.1	2.1	-15.7	2.5	
PG1430+427A	14 32 39.438	+42 30 40.02	663-059780	J14323944+4230401	-11.6	0.7	1.4	2.5	
PG1430+427B	14 32 46.756	+42 32 19.21	663-059784	J14324676+4232193	-16.6	1.0	13.3	0.9	
SA 107-970	15 37 25.829	+00 18 33.85	452-057069	J15372582+0018339	-2.2	1.4	-1.9	2.5	
SA 107-991	15 38 06.902	+00 16 19.31	452-057104	J15380690+0016193	-11.2	2.5	-5.7	2.3	
SA 107-847	15 38 19.398	+00 08 04.90	451-059190	J15381938+0008049	-13.3	1.2	-6.0	0.6	
SA 107-862	15 38 55.944	+00 09 48.13	451-059213	J15385594+0009480	5.8	1.0	-0.5	1.0	
SA 107-1014	15 38 59.016	+00 15 30.98	452-057147	J15385901+0015310	-10.2	1.2	-11.8	1.6	
SA 107-871	15 39 16.189	+00 08 54.53	451-059228	J15391619+0008545	-14.3	2.0	11.5	1.8	
SA 35-316	15 49 41.176	+44 35 23.77	673-060708	J15494119+4435238	4.7	0.5	-10.3	0.6	
SA 35-243	15 49 49.168	+44 27 53.56	673-060710	J15494913+4427535	-8.1	2.8	16.8	0.6	
SA 35-245	15 49 49.958	+44 31 19.49	673-060711	J15494996+4431197	-13.9	1.5	2.3	1.5	
SA 35-318	15 50 01.814	+44 33 04.74	673-060715	J15500181+4433048	-2.9	1.1	-39.1	0.5	
SA 35-491	15 50 33.186	+44 58 06.22	675-059496	J15503319+4458062	-11.8	0.8	-11.1	0.8	
SA 35-492	15 50 38.980	+45 00 37.36	676-057613	J15503898+4500374	-21.7	1.1	47.2	0.5	
SA 35-338	15 51 50.503	+44 41 51.75	674-058799	J15515050+4441517	-10.5	0.8	2.3	0.6	
SA 35-339	15 51 54.385	+44 32 29.14	673-060759	J15515438+4432292	15.1	0.8	-26.9	1.1	
SA 35-341	15 51 56.722	+44 33 24.64	673-060761	J15515672+4433247	14.2	0.6	-28.2	1.5	
SA 35-343	15 51 57.200	+44 35 26.22	673-060762	J15515720+4435263	-2.9	0.6	6.5	0.6	
SA 35-261	15 52 04.173	+44 24 58.31	673-060765	J15520416+4424585	-5.2	1.0	-1.2	1.3	
SA 35-262	15 52 05.049	+44 26 00.66	673-060766	J15520505+4426009	11.7	2.5	10.1	0.8	
SA 35-263	15 52 05.068	+44 30 01.39	673-060767	J15520506+4430016	9.6	1.3	10.6	1.6	
SA 35-264	15 52 12.896	+44 28 30.81	673-060768	J15521288+4428308	-6.4	1.6	4.9	2.0	
SA 35-265	15 52 13.784	+44 28 55.85	673-060769	J15521379+4428558	5.3	2.2	-10.7	2.5	
SA 35-266	15 52 23.534	+44 30 23.32	673-060771	J15522352+4430233	1.4	1.1	-6.3	1.4	
SA 35-267	15 52 24.277	+44 26 00.06	673-060772	J15522426+4425599	1.5	2.6	-14.8	3.1	
SA 35-518	15 53 28.862	+44 57 30.75	675-059556	J15532885+4457308	-2.2	0.6	6.1	0.5	
SA 35-526	15 54 19.828	+44 55 06.78	675-059575	J15541982+4455066	-7.8	0.9	-24.0	0.5	
SA 35-535	15 55 00.665	+44 59 20.41	675-059595	J15550065+4459205	1.8	0.5	-11.4	0.6	
SA 35-539	15 55 13.789	+44 58 15.44	675-059600	J15551379+4458153	-2.7	1.1	-57.2	1.3	
SA 108-870	16 37 45.814	-00 28 23.75	448-064178	J15391619+0008545	-13.4	2.1	2.3	2.6	
SA 108-872	16 37 49.759	-00 22 18.99	449-062476	J16374581-0028236	-8.1	1.8	-0.3	1.5	
SA 108-570	16 38 04.824	-00 35 06.86	448-064201	J16374976-0022189	-11.0	2.2	-22.8	1.3	
KUV 433-03	16 38 26.317	+35 00 11.86	626-053431	J16380482-0035067	-33.9	3.9	10.2	4.5	
KUV 433-03A	16 38 27.812	+34 59 46.59	625-052116	J16382781+3459467	9.5	3.8	-8.2	4.5	
GD 358	16 47 18.358	+32 28 32.93	613-056335	J16471839+3228328	-158.0	8.0	20.0	8.0	
GD 358A	16 47 22.314	+32 25 31.30	613-056337	J16472231+3225312	3.6	1.2	-26.5	1.4	
GD 358B	16 47 23.224	+32 23 37.16	612-053329	J16472322+3223371	-4.7	1.3	-18.2	1.2	
PG1648+536E	16 49 48.175	+53 31 30.23	718-057266	J16494817+5331303	0.0	2.7	-1.3	3.3	
PG1648+536A	16 49 57.450	+53 30 18.56	718-057269	J16495744+5330187	-4.7	2.0	-3.2	2.3	
PG1648+536	16 49 59.853	+53 31 31.75	718-057272	J16495985+5331318	0.9	1.3	-15.4	2.1	
PG1648+536B	16 50 01.154	+53 29 14.64	718-057274	J16500115+5329148	1.8	1.5	-14.1	2.6	
PG1648+536C	16 50 07.599	+53 28 49.30	718-057277	J16500759+5328494	-13.4	1.5	-11.3	1.4	
PG1648+536D	16 50 11.586	+53 26 59.73	718-057278	J16501157+5326597	-3.2	4.1	18.8	4.1	
GD 363C	17 38 26.523	+41 53 20.52	660-062324	J17382653+4153204	2.6	3.3	-3.5	3.8	
GD 363B	17 38 33.790	+41 53 30.66	660-062339	J17383380+4153306	11.5	3.2	17.8	3.6	
GD 363A	17 38 35.039	+41 53 58.16	660-062340	J17383504+4153580	2.5	1.6	4.1	1.9	
GD 363	17 38 35.667	+41 52 31.69	660-062341	J17383567+4152310	-32.0	8.0	178.0	8.0	
GD 363D	17 38 47.885	+41 54 09.16	660-062349	J17384789+4154090	-8.2	2.2	7.5	4.7	
GD 378A	18 23 30.902	+41 04 10.27	656-064727	J18233090+4104103	-10.3	2.5	4.1	2.9	
GD 378	18 23 37.012	+41 04 02.55	656-064738	J18233701+4104018	-2.0	2.0	138.0	4.0	
GD 378B	18 23 45.477	+41 05 47.88	656-064752	J18234547+4105479	5.3	2.3	3.7	2.7	
GD 378C	18 23 50.120	+41 06 43.94	656-064767	J18235012+4106440	-0.3	1.3	-26.2	1.1	
SA 38-177	18 47 34.575	+45 10 53.55	676-065649	J18473457+4510535	-2.4	0.6	-5.3	0.9	
SA 38-178	18 47 35.701	+45 10 34.03	676-065650	J18473570+4510339	19.5	4.3	6.3	2.3	
SA 38-326	18 47 40.515	+45 24 39.37	678-066502	J18474051+4524393	6.9	0.6	-0.7	0.8	
SA 38-358	18 48 23.004	+45 23 22.35	677-064253	J18482300+4523223	-0.4	0.5	6.1	0.7	
SA 38-365	18 48 32.505	+45 25 10.85	678-066598	J18483249+4525109	-2.7	1.2	-7.2	2.1	
SA 38-375	18 48 47.091	+45 24 19.78	678-066622	J18484708+4524198	-8.5	0.6	-32.7	1.2	
SA 38-377	18 48 47.755	+45 20 23.44	677-064309	J18484774+4520235	18.0	0.7	-25.3	1.0	
SA 38-382	18 48 53.856	+45 25 29.95	678-066636	J18485385+4525299	-6.3	0.9	-11.9	1.0	
SA 38-253	18 49 04.397	+45 14 13.70	677-064334	J18490439+4514136	1.4	0.8	0.3	0.6	
SA 38-391	18 49 07.115	+45 19 16.77	677-064337	J18490711+4519168	4.8	0.5	-17.6	0.8	
SA 38-269	18 49 37.723	+45 14 24.01	677-064385	J18493772+4514239	3.5	1.4	11.1	1.1	
SA 38-270	18 49 40.787	+45 09 07.01	676-065892	J18494078+4509069	4.6	0.9	10.0	0.8	
SA 38-273	18 49 46.591	+45 13 32.23	677-064402	J18494658+4513321	-3.6	0.5	-6.9	1.2	
SA 38-137	18 50 24.265	+45 06 09.47	676-065972	J18502426+4506094	-3.1	2.1	14.3	2.5	
SA 38-138	18 50 25.534	+45 06 06.38	676-065975	J18502554+4506064	4.0	3.1	-5.7	3.6	
SA 38-297	18 50 27.011	+45 07 55.90	676-065978	J18502701+4507559	-4.8	3.1	-4.2	3.4	
SA 38-298	18 50 31.101	+45 09 37.03	676-065984	J18503111+4509370	-7.9	5.2	-10.7	5.0	
SA 38-302	18 50 33.197	+45 10 43.05	676-065986	J18503321+4510431	4.4	4.8	7.2	4.5	
SA 38-303	18 50 34.221	+45 07 26.48	676-065988	J18503422+4507265	10.8	5.5	7.0	5.2	
SA 38-304	18 50 36.293	+45 09 06.83	676-065991	J18503629+4509068	-0.6	3.2	-9.2	3.5	
SA 38-149	18 50 41.729	+45 06 37.02	676-066001	J18504174+4506370	-7.8	5.3	-6.9	5.1	
SA 38-309	18 50 45.291	+45 07 42.19	676-066009	J18504529+4507421	-0.6	2.0	-4.6	2.3	
SA 38-156	18 50 46.158	+45 05 52.97	676-066011	J18504615+4505529	-5.7	5.4	-7.2	5.2	
SA 38-157	18 50 46.519	+45 06 11.51	676-066013	J18504652+4506115	2.0	5.1	3.6	4.7	
SA 38-310	18 50 48.873	+45 08 43.50	676-066019	J18504886+4508433	10.1	0.9	5.7	0.9	
SA 38-312	18 50 50.491	+45 09 36.42	676-066020	J18505049+4509363	-6.9	2.0	3.2	2.2	
GD 391F	20 29 37.183	+39 17 17.58	647-088832	J20293718+3917176	-8.5	2.9	-15.4	1.7	
GD 391E	20 29 43.642	+39 17 17.98	647-088839	J20294363+3917180	5.1	2.2	-7.8	1.7	
GD 391H	20 29 45.496	+39 18 14.26	647-088844	J20294549+3918143	7.0	2.6	-11.8	3.2	
GD 391G	20 29 45.987	+39 16 34.95	647-088846	J20294598+3916349	-6.1	2.0	0.0	2.4	
GD 391B	20 29 51.196	+39 14 20.33	647-088850	J20295119+3914203	-6.2	1.8	-7.6	2.4	
GD 391D	20 29 54.035	+39 13 43.44	647-088853	J20295403+3913434	7.4	6.1	-6.8	5.9	
GD 391A	20 29 55.304	+39 14 13.08	647-088854	J20295529+3914130	3.5	2.2	-0.9	1.4	
GD 391	20 29 56.177	+39 13 32.19	647-088856	J20295616+3913320	149.0	2.5	93.3	2.6	
GD 391C	20 30 02.922	+39 15 03.75	647-088869	J20300292+3915037	1.9	1.2	-10.3	1.9	
SA 41-620	21 53 11.306	+45 36 21.13	679-113303	J21531130+4536210	-7.6	2.4	-6.2	2.1	
SA 41-626	21 53 17.263	+45 37 24.48	679-113325	J21531726+4537245	-8.3	2.7	-5.9	1.7	
SA 41-625	21 53 17.295	+45 35 14.74	678-116201	J21531730+4535148	-2.9	2.1	-1.0	2.4	
SA 41-630	21 53 23.508	+45 38 17.36	679-113351	J21532350+4538173	10.3	5.7	3.1	5.2	
SA 41-631	21 53 24.561	+45 35 45.09	678-116226	J21532456+4535451	-4.7	1.2	-2.0	1.5	
SA 41-634	21 53 27.209	+45 35 40.95	678-116240	J21532721+4535410	-1.7	1.3	-3.1	0.4	
SA 41-637	21 53 30.416	+45 36 11.04	679-113376	J21533041+4536110	-1.5	3.2	-0.3	3.3	
SA 41-638	21 53 32.591	+45 37 00.50	679-113384	J21533258+4537005	5.6	2.4	-4.4	3.1	
SA 41-639	21 53 33.743	+45 34 20.95	678-116261	J21533374+4534209	-0.8	1.9	0.2	2.6	
SA 41-654	21 53 52.663	+45 33 07.25	678-116321	J21535265+4533072	17.8	0.8	5.0	0.5	
SA 41-660	21 53 56.878	+45 32 23.66	678-116341	J21535687+4532235	-7.0	1.4	-4.2	1.0	
SA 41-171	21 54 04.972	+45 13 13.57	677-110732	J21540496+4513136	5.0	0.6	-2.6	1.1	
SA 41-673	21 54 07.165	+45 32 38.06	678-116395	J21540716+4532380	2.8	4.2	-2.6	1.9	
SA 41-674	21 54 07.517	+45 32 07.05	678-116397	J21540751+4532070	23.1	2.3	-15.0	3.0	
SA 41-179	21 54 10.448	+45 16 31.11	677-110756	J21541044+4516310	-1.5	0.7	-8.2	0.8	
SA 41-182	21 54 12.587	+45 14 36.50	677-110769	J21541258+4514364	7.2	0.6	-3.4	0.6	
SA 41-190	21 54 18.195	+45 15 22.57	677-110799	J21541819+4515225	8.0	0.6	12.2	0.6	
SA 41-204	21 54 31.607	+45 13 51.39	677-110869	J21543159+4513512	5.3	1.1	-7.0	1.1	
GD 405	23 16 43.875	+47 27 15.57	688-127404	J23164386+4727155	113.9	5.7	47.3	5.3	
GD 405A	23 16 44.966	+47 26 59.90	688-127407	J23164495+4726599	-5.1	4.4	-3.6	4.5	
GD 251	23 34 20.865	+29 18 36.99	597-139245	J23342086+2918366	-68.0	1.0	-122.0	2.0	

