ID|DateObs|Filename|Object|RA_hhmmss|DEC_ddmmss|RA_deg|DEC_deg|RA_pix|Dec_pix|FilterName|JD|ExpTime_sec|Zmag|FWHM|Altitude|Airmass
1|2019-06-03|4C29-45-20190603@150728-R_Astrodon_2018.fts|4C29-45|11 59 31.80|+29 14 44.0|179.88249999999996|29.245555555555555|1023.3892438955756|946.7531100563724|R_Astrodon_2018|2458638.1302314815|180.0|20.6653293231|3.19595712423|36.7873|1.68587103676
2|2019-06-03|4C71-07-20190603@132235-R_Astrodon_2018.fts|4C71-07|08 41 24.30|+70 53 42.0|130.35125|70.89500000000001|1027.6960742904816|1024.0418374836995|R_Astrodon_2018|2458638.057384259|180.0|19.9689521784|3.44882625341|24.4216|2.42386681539
3|2019-06-03|4C71-07-20190603@132552-R_Astrodon_2018.fts|4C71-07|08 41 24.30|+70 53 42.0|130.35125|70.89500000000001|1029.4068696788988|1022.5003722472203|R_Astrodon_2018|2458638.059641204|180.0|18.7320671168|3.46360888481|24.1551|2.44918155477
4|2019-06-03|Mkn421-20190603@150009-R_Astrodon_2018.fts|Mkn421|11 04 27.30|+38 12 32.0|166.11374999999998|38.20888888888889|963.3263329412409|1063.7168311047735|R_Astrodon_2018|2458638.125150463|180.0|19.8983713456|3.97262550592|28.2876|2.12996876425
5|2019-06-03|Mkn421-20190603@150327-R_Astrodon_2018.fts|Mkn421|11 04 27.30|+38 12 32.0|166.11374999999998|38.20888888888889|963.6557901050334|1066.434024713544|R_Astrodon_2018|2458638.1274074074|180.0|21.089327211|3.87268693447|27.6552|2.17524870564
6|2019-06-03|OJ248-20190603@130014-R_Astrodon_2018.fts|OJ248|08 30 52.10|+24 11 00.0|127.71708333333332|24.183333333333334|1042.5460791776013|950.9242408229766|R_Astrodon_2018|2458638.041875|180.0|20.703853023|4.91970715523|18.0263|3.27890451767
7|2019-06-03|OJ248-20190603@130331-R_Astrodon_2018.fts|OJ248|08 30 52.10|+24 11 00.0|127.71708333333332|24.183333333333334|1044.4589822549524|943.4337211814793|R_Astrodon_2018|2458638.0441203704|180.0|20.0474349947|4.39919447899|17.3245|3.40940229019
8|2019-06-03|OJ287-20190603@130706-R_Astrodon_2018.fts|OJ287|08 54 48.90|+20 06 31.0|133.70374999999999|20.108611111111113|1018.9578017768035|998.8329327076314|R_Astrodon_2018|2458638.0466087963|180.0|21.2741490835|3.98664553165|20.5098|2.89501345465
9|2019-06-03|S5_0716+71-20190603@131459-R_Astrodon_2018.fts|S5_0716+71|07 21 53.40|+71 20 36.0|110.47249999999998|71.34333333333333|1028.3814678990743|1022.0336046474887|R_Astrodon_2018|2458638.0521064815|180.0|19.0809535695|4.1116165638|18.7835|3.10433963223
10|2019-06-03|S5_0716+71-20190603@131817-R_Astrodon_2018.fts|S5_0716+71|07 21 53.40|+71 20 36.0|110.47249999999998|71.34333333333333|1029.8045855286282|1021.2560489642482|R_Astrodon_2018|2458638.054363426|180.0|18.8322777523|3.7657438755|18.536|3.14406476027
11|2019-06-04|3C345-20190604@171645-R_Astrodon_2018.fts|3C345|16 42 58.80|+39 48 37.0|250.74499999999995|39.81027777777778|1030.4370390769902|1014.6519454972114|R_Astrodon_2018|2458639.2199768517|180.0|20.8657990838|2.00396181941|65.1566|1.10502343582
12|2019-06-04|3C345-20190604@172000-R_Astrodon_2018.fts|3C345|16 42 58.80|+39 48 37.0|250.74499999999995|39.81027777777778|1030.6350870020021|1015.7638680046055|R_Astrodon_2018|2458639.222222222|180.0|20.8833110125|1.98981960416|64.6396|1.1098812379
13|2019-06-04|3C371-20190604@173822-R_Astrodon_2018.fts|3C371|18 06 50.70|+69 49 28.0|271.71124999999995|69.82444444444444|1041.7912910818718|1053.8493834287208|R_Astrodon_2018|2458639.235011574|180.0|21.3079608437|2.22840752602|43.4763|1.45262475506
14|2019-06-04|3C454-3-20190604@175352-R_Astrodon_2018.fts|3C454-3|22 53 57.70|+16 08 54.0|343.49041666666665|16.148333333333333|1025.9206853930261|1041.334061484141|R_Astrodon_2018|2458639.245752315|180.0|20.537621619|3.10234183073|32.304|1.83953541792
15|2019-06-04|3C454-3-20190604@175707-R_Astrodon_2018.fts|3C454-3|22 53 57.70|+16 08 54.0|343.49041666666665|16.148333333333333|1026.1396221467187|1039.1711840686023|R_Astrodon_2018|2458639.2480092593|180.0|20.6189077341|2.95140807629|33.0488|1.80325752643
16|2019-06-04|4C38-41-20190604@170958-R_Astrodon_2018.fts|4C38-41|16 35 15.50|+38 08 04.0|248.81458333333327|38.13444444444444|1027.7684646286634|1014.2170252325453|R_Astrodon_2018|2458639.2152662035|180.0|21.2491454897|2.00385868549|65.9135|1.09848255373
17|2019-06-04|4C38-41-20190604@171313-R_Astrodon_2018.fts|4C38-41|16 35 15.50|+38 08 04.0|248.81458333333327|38.13444444444444|1028.511685249266|1015.3528033539926|R_Astrodon_2018|2458639.2175115743|180.0|21.2325571848|1.9743847549|65.3638|1.10345182048
18|2019-06-04|4C51-37-20190604@173102-R_Astrodon_2018.fts|4C51-37|17 40 37.00|+52 11 43.0|265.15416666666664|52.195277777777775|1041.5004572525156|1009.7591085315635|R_Astrodon_2018|2458639.2299189814|180.0|21.4913390853|2.15603740215|59.9865|1.15603954576
19|2019-06-04|4C51-37-20190604@173419-R_Astrodon_2018.fts|4C51-37|17 40 37.00|+52 11 43.0|265.15416666666664|52.195277777777775|1041.1587554992884|1010.1705692442775|R_Astrodon_2018|2458639.2321643517|180.0|21.4859482449|1.96494708061|59.8012|1.15835484801
20|2019-06-04|CTA102-20190604@174701-R_Astrodon_2018.fts|CTA102|22 32 36.40|+11 43 51.0|338.15166666666664|11.730833333333333|1023.5888110536499|1021.7220481439927|R_Astrodon_2018|2458639.2410185183|180.0|20.9308826176|2.96220515966|34.1803|1.75185728132
21|2019-06-04|CTA102-20190604@175018-R_Astrodon_2018.fts|CTA102|22 32 36.40|+11 43 51.0|338.15166666666664|11.730833333333333|1023.7360474477517|1019.1001062527444|R_Astrodon_2018|2458639.243275463|180.0|20.8356653083|2.79100220203|34.9273|1.71982941646
22|2019-06-04|DA406-20190604@170305-R_Astrodon_2018.fts|DA406|16 13 41.00|+34 12 48.0|243.42083333333326|34.21333333333334|1095.8269806973778|909.950679223095|R_Astrodon_2018|2458639.2105208333|180.0|21.2106414015|2.24735244513|64.8463|1.10875831373
23|2019-06-04|DA406-20190604@170623-R_Astrodon_2018.fts|DA406|16 13 41.00|+34 12 48.0|243.42083333333326|34.21333333333334|1095.4558851321806|911.5611944799222|R_Astrodon_2018|2458639.2127777776|180.0|21.2655431399|2.18767893314|64.2052|1.11486726731
24|2019-06-04|ES2344+514-20190604@180840-R_Astrodon_2018.fts|ES2344+514|23 47 04.00|+51 42 18.0|356.76666666666665|51.705000000000005|1065.0544778606763|1117.543636786908|R_Astrodon_2018|2458639.256064815|180.0|21.4192737652|2.95120054483|29.958|1.97455479965
25|2019-06-04|KS1510-08-20190604@165531-R_Astrodon_2018.fts|KS1510-08|15 12 50.50|-09 06 00.0|228.21041666666665|-9.1|918.4556338167857|1001.8477494896016|R_Astrodon_2018|2458639.2052662037|180.0|21.1620869074|2.43639401197|39.5581|1.58168129261
26|2019-06-04|KS1510-08-20190604@165849-R_Astrodon_2018.fts|KS1510-08|15 12 50.50|-09 06 00.0|228.21041666666665|-9.1|919.2565395256911|1003.1199667294509|R_Astrodon_2018|2458639.207511574|180.0|21.1298095732|2.33665274382|38.9511|1.60277607734
27|2019-06-04|L-Lacertae-20190604@180115-R_Astrodon_2018.fts|L-Lacertae|22 02 43.30|+42 16 40.0|330.68041666666664|42.27777777777778|988.589731500437|1023.5314035296951|R_Astrodon_2018|2458639.250902778|180.0|20.8500903211|2.32044727802|47.2482|1.35174993307
28|2019-06-04|L-Lacertae-20190604@180433-R_Astrodon_2018.fts|L-Lacertae|22 02 43.30|+42 16 40.0|330.68041666666664|42.27777777777778|988.3569619572941|1022.4579209370594|R_Astrodon_2018|2458639.2531597223|180.0|21.0040676119|2.41502336264|47.8393|1.33926041895
29|2019-06-04|Mkn501-20190604@172334-R_Astrodon_2018.fts|Mkn501|16 53 52.20|+39 45 37.0|253.4675|39.76027777777778|1030.2088441413373|1012.6224447687546|R_Astrodon_2018|2458639.224710648|180.0|21.3865178833|2.04903078675|65.8215|1.09907107202
30|2019-06-04|Mkn501-20190604@172649-R_Astrodon_2018.fts|Mkn501|16 53 52.20|+39 45 37.0|253.4675|39.76027777777778|1030.6500365396184|1014.0204527489259|R_Astrodon_2018|2458639.2269675927|180.0|21.3823536492|2.06262968779|65.3109|1.10368734759
31|2019-06-05|3C273-20190605@145736-R_Astrodon_2018.fts|3C273|12 29 06.70|+02 03 09.0|187.27791666666664|2.0524999999999998|986.6183800651017|1039.1611759912128|R_Astrodon_2018|2458640.1233796296|180.0|20.8932161172|2.70169241428|35.5647|1.73729156854
32|2019-06-05|3C273-20190605@150054-R_Astrodon_2018.fts|3C273|12 29 06.70|+02 03 09.0|187.27791666666664|2.0524999999999998|987.4926464246187|1041.6053869992297|R_Astrodon_2018|2458640.125625|180.0|20.9229664846|2.47689342499|34.8464|1.76920098665
33|2019-06-05|3C279-20190605@150450-R_Astrodon_2018.fts|3C279|12 56 11.10|-05 47 22.0|194.04624999999996|-5.789444444444444|1012.5397508448656|1021.113300704774|R_Astrodon_2018|2458640.1283912035|180.0|21.0659618165|2.64514582157|35.768|1.72771897734
34|2019-06-05|3C279-20190605@150807-R_Astrodon_2018.fts|3C279|12 56 11.10|-05 47 22.0|194.04624999999996|-5.789444444444444|1013.43202072097|1023.1044708636538|R_Astrodon_2018|2458640.1306481482|180.0|21.1131906024|2.40615539551|35.0984|1.75679786638
35|2019-06-05|3C345-20190605@201104-R_Astrodon_2018.fts|3C345|16 42 58.80|+39 48 37.0|250.74499999999995|39.81027777777778|1026.3245077324132|1024.3860529533943|R_Astrodon_2018|2458640.3410300924|180.0|20.8959466244|2.70772781372|32.1292|1.89952005358
36|2019-06-05|3C345-20190605@201418-R_Astrodon_2018.fts|3C345|16 42 58.80|+39 48 37.0|250.74499999999995|39.81027777777778|1026.2244309136831|1027.0399739386214|R_Astrodon_2018|2458640.3432754627|180.0|20.8670011138|2.85042723417|31.5093|1.9335319152
37|2019-06-05|4C29-45-20190605@144323-R_Astrodon_2018.fts|4C29-45|11 59 31.80|+29 14 44.0|179.88249999999996|29.245555555555555|1019.8497590389549|943.2030609037289|R_Astrodon_2018|2458640.1134953704|180.0|21.3522196519|2.65758587122|40.3049|1.55934984255
38|2019-06-05|4C29-45-20190605@144640-R_Astrodon_2018.fts|4C29-45|11 59 31.80|+29 14 44.0|179.88249999999996|29.245555555555555|1019.9133313613313|946.3410007010503|R_Astrodon_2018|2458640.1157407407|180.0|21.273962076|3.04286911488|39.6033|1.58272010038
39|2019-06-05|4C38-41-20190605@200412-R_Astrodon_2018.fts|4C38-41|16 35 15.50|+38 08 04.0|248.81458333333327|38.13444444444444|925.1675684057618|1125.7398195383669|R_Astrodon_2018|2458640.3363194442|180.0|21.1797311467|2.89222285748|31.7855|1.91733894405
40|2019-06-05|4C38-41-20190605@200732-R_Astrodon_2018.fts|4C38-41|16 35 15.50|+38 08 04.0|248.81458333333327|38.13444444444444|925.196350629993|1128.4179876517546|R_Astrodon_2018|2458640.338564815|180.0|21.1707868181|2.83218507767|31.152|1.95291759284
41|2019-06-05|DA406-20190605@151951-R_Astrodon_2018.fts|DA406|16 13 41.00|+34 12 48.0|243.42083333333326|34.21333333333334|1090.4037170639626|931.1713582892706|R_Astrodon_2018|2458640.1388310185|180.0|21.3770067144|2.44719058275|79.2045|1.01798371221
42|2019-06-05|DA406-20190605@152310-R_Astrodon_2018.fts|DA406|16 13 41.00|+34 12 48.0|243.42083333333326|34.21333333333334|243.42083333333326|34.21333333333334|R_Astrodon_2018|2458640.1410995373|180.0|-9999|-9999|79.1119|1.01842383675
43|2019-06-05|KS1510-08-20190605@151216-R_Astrodon_2018.fts|KS1510-08|15 12 50.50|-09 06 00.0|228.21041666666665|-9.1|1004.5849629240598|957.2714995249645|R_Astrodon_2018|2458640.133553241|180.0|21.1601827277|2.31004222631|54.4775|1.23215673437
44|2019-06-05|KS1510-08-20190605@151533-R_Astrodon_2018.fts|KS1510-08|15 12 50.50|-09 06 00.0|228.21041666666665|-9.1|1005.7391267887706|957.3455105778431|R_Astrodon_2018|2458640.135810185|180.0|21.1789958198|2.21552052498|54.152|1.23739860432
45|2019-06-05|Mkn421-20190605@143607-R_Astrodon_2018.fts|Mkn421|11 04 27.30|+38 12 32.0|166.11374999999998|38.20888888888889|1002.8625297011798|813.4585291633339|R_Astrodon_2018|2458640.108449074|180.0|21.2930243805|2.88926321268|31.4477|1.93632589273
46|2019-06-05|Mkn421-20190605@143925-R_Astrodon_2018.fts|Mkn421|11 04 27.30|+38 12 32.0|166.11374999999998|38.20888888888889|1002.1092339075631|816.2341610406893|R_Astrodon_2018|2458640.1107060183|180.0|21.2250339689|3.64732344151|30.8119|1.97281782771
47|2019-06-05|Mkn501-20190605@201751-R_Astrodon_2018.fts|Mkn501|16 53 52.20|+39 45 37.0|253.4675|39.76027777777778|1027.0639361107817|1018.3824979616207|R_Astrodon_2018|2458640.3457407407|180.0|21.3454959322|2.81535240412|32.9077|1.85920072275
48|2019-06-05|Mkn501-20190605@202106-R_Astrodon_2018.fts|Mkn501|16 53 52.20|+39 45 37.0|253.4675|39.76027777777778|1027.1191052074878|1021.2693432358071|R_Astrodon_2018|2458640.347986111|180.0|21.3224348788|2.80996258259|32.2867|1.89164131099
49|2019-06-05|ON231-20190605@145014-R_Astrodon_2018.fts|ON231|12 21 31.70|+28 13 59.0|185.3820833333333|28.233055555555556|1023.1298067020638|1004.1171950262062|R_Astrodon_2018|2458640.1182175926|180.0|21.1880262893|2.83727045655|43.489|1.46418935055
50|2019-06-05|ON231-20190605@145327-R_Astrodon_2018.fts|ON231|12 21 31.70|+28 13 59.0|185.3820833333333|28.233055555555556|1023.4428952483651|1007.4648683227716|R_Astrodon_2018|2458640.120462963|180.0|21.165095535|2.7635216713|42.7798|1.48409653047
51|2019-06-05|S4_0954+65-20190605@142438-R_Astrodon_2018.fts|S4_0954+65|09 58 47.20|+65 33 55.0|149.69666666666666|65.56527777777778|1021.129206796401|1022.7000587487113|R_Astrodon_2018|2458640.100474537|180.0|20.8756444361|2.76581431627|24.9255|2.3764339089
52|2019-06-05|S4_0954+65-20190605@142814-R_Astrodon_2018.fts|S4_0954+65|09 58 47.20|+65 33 55.0|149.69666666666666|65.56527777777778|1020.7306003997116|1023.8049047141627|R_Astrodon_2018|2458640.1029861113|180.0|20.8361394508|2.60879710913|24.5509|2.41047414658
53|2019-06-07|3C345-20190607@171606-R_Astrodon_2018.fts|3C345|16 42 58.80|+39 48 37.0|250.74499999999995|39.81027777777778|1027.4807633314426|1016.740281669535|R_Astrodon_2018|2458642.219525463|180.0|21.0449270402|2.45604172945|63.3442|1.12242496525
54|2019-06-07|3C345-20190607@171919-R_Astrodon_2018.fts|3C345|16 42 58.80|+39 48 37.0|250.74499999999995|39.81027777777778|1027.309161526812|1018.9024846677778|R_Astrodon_2018|2458642.2217592592|180.0|21.0477272591|2.45450663567|62.8064|1.12799285784
55|2019-06-07|3C371-20190607@173739-R_Astrodon_2018.fts|3C371|18 06 50.70|+69 49 28.0|271.71124999999995|69.82444444444444|1034.5107765181456|1058.9243487298547|R_Astrodon_2018|2458642.234525463|180.0|21.5039913956|2.51067610979|43.3071|1.45761491203
56|2019-06-07|3C454-3-20190607@175308-R_Astrodon_2018.fts|3C454-3|22 53 57.70|+16 08 54.0|343.49041666666665|16.148333333333333|1023.5432615502222|1040.7470846498748|R_Astrodon_2018|2458642.2452314813|180.0|17.9445740995|2.59558422565|34.8365|1.72395219788
57|2019-06-07|3C454-3-20190607@175622-R_Astrodon_2018.fts|3C454-3|22 53 57.70|+16 08 54.0|343.49041666666665|16.148333333333333|1023.6589684725429|1037.6062264847274|R_Astrodon_2018|2458642.247476852|180.0|18.7553206652|2.38549517393|35.5785|1.69307291722
58|2019-06-07|4C38-41-20190607@170920-R_Astrodon_2018.fts|4C38-41|16 35 15.50|+38 08 04.0|248.81458333333327|38.13444444444444|1025.820329570948|1016.3297153436667|R_Astrodon_2018|2458642.2148263888|180.0|21.3294345826|2.3552598238|63.9887|1.11629431178
59|2019-06-07|4C38-41-20190607@171234-R_Astrodon_2018.fts|4C38-41|16 35 15.50|+38 08 04.0|248.81458333333327|38.13444444444444|1025.1916168512794|1018.1135178487209|R_Astrodon_2018|2458642.217071759|180.0|21.3258058709|2.19376108646|63.418|1.12199635043
60|2019-06-07|4C51-37-20190607@173021-R_Astrodon_2018.fts|4C51-37|17 40 37.00|+52 11 43.0|265.15416666666664|52.195277777777775|1035.2639740803525|1013.6561507629146|R_Astrodon_2018|2458642.2294444446|180.0|21.6130088058|2.40257123709|59.3024|1.16457638246
61|2019-06-07|4C51-37-20190607@173338-R_Astrodon_2018.fts|4C51-37|17 40 37.00|+52 11 43.0|265.15416666666664|52.195277777777775|1034.6217323788742|1013.9554662571087|R_Astrodon_2018|2458642.231701389|180.0|21.6142247981|2.18914296627|59.0776|1.1674352656
62|2019-06-07|4C71-07-20190607@123213-R_Astrodon_2018.fts|4C71-07|08 41 24.30|+70 53 42.0|130.35125|70.89500000000001|1073.0434332764075|1122.1147448511435|R_Astrodon_2018|2458642.0224074074|180.0|21.5733258813|3.53429222107|27.2582|2.18116517883
63|2019-06-07|4C71-07-20190607@123532-R_Astrodon_2018.fts|4C71-07|08 41 24.30|+70 53 42.0|130.35125|70.89500000000001|1072.1871148874402|1123.3909764597895|R_Astrodon_2018|2458642.0246759257|180.0|21.553799703|3.48033496141|26.9918|2.20115587701
64|2019-06-07|CTA102-20190607@174614-R_Astrodon_2018.fts|CTA102|22 32 36.40|+11 43 51.0|338.15166666666664|11.730833333333333|1023.6006094775626|1021.0893996595296|R_Astrodon_2018|2458642.240474537|180.0|20.8197752745|2.76389467716|36.7107|1.64903892783
65|2019-06-07|CTA102-20190607@174932-R_Astrodon_2018.fts|CTA102|22 32 36.40|+11 43 51.0|338.15166666666664|11.730833333333333|1023.7073153505359|1019.1374581904441|R_Astrodon_2018|2458642.2427430553|180.0|19.7472666348|2.44754977226|37.4609|1.62135655584
66|2019-06-07|DA406-20190607@170227-R_Astrodon_2018.fts|DA406|16 13 41.00|+34 12 48.0|243.42083333333326|34.21333333333334|1100.170229245946|925.6784001505089|R_Astrodon_2018|2458642.2100694445|180.0|21.4461461092|2.53269872665|62.6353|1.13055553245
67|2019-06-07|DA406-20190607@170545-R_Astrodon_2018.fts|DA406|16 13 41.00|+34 12 48.0|243.42083333333326|34.21333333333334|1099.4598132762014|927.6807274321643|R_Astrodon_2018|2458642.212326389|180.0|21.4677493022|2.25629998446|61.9847|1.13753602275
68|2019-06-07|ES2344+514-20190607@180754-R_Astrodon_2018.fts|ES2344+514|23 47 04.00|+51 42 18.0|356.76666666666665|51.705000000000005|1054.479877109842|1116.7224374397942|R_Astrodon_2018|2458642.2555439817|180.0|21.7154496729|2.28994294405|31.6738|1.88017685729
69|2019-06-07|KS1510-08-20190607@165452-R_Astrodon_2018.fts|KS1510-08|15 12 50.50|-09 06 00.0|228.21041666666665|-9.1|1021.2010589221154|1031.7897002429538|R_Astrodon_2018|2458642.204803241|180.0|21.2594928989|2.39216278791|37.4484|1.6581201563
70|2019-06-07|KS1510-08-20190607@165809-R_Astrodon_2018.fts|KS1510-08|15 12 50.50|-09 06 00.0|228.21041666666665|-9.1|1021.7274663591339|1033.3003719907176|R_Astrodon_2018|2458642.2070601853|180.0|21.2506172495|2.37244058847|36.8219|1.68267488988
71|2019-06-07|L-Lacertae-20190607@180030-R_Astrodon_2018.fts|L-Lacertae|22 02 43.30|+42 16 40.0|330.68041666666664|42.27777777777778|988.7177683866447|1027.1862949205351|R_Astrodon_2018|2458642.2503819442|180.0|21.4841957139|2.34177296758|49.2509|1.31108922795
72|2019-06-07|L-Lacertae-20190607@180347-R_Astrodon_2018.fts|L-Lacertae|22 02 43.30|+42 16 40.0|330.68041666666664|42.27777777777778|988.922040225716|1026.288694818635|R_Astrodon_2018|2458642.252638889|180.0|21.52354525|2.04939982891|49.8366|1.29988905367
73|2019-06-07|Mkn421-20190607@124635-R_Astrodon_2018.fts|Mkn421|11 04 27.30|+38 12 32.0|166.11374999999998|38.20888888888889|1072.9102329341026|893.0812476196259|R_Astrodon_2018|2458642.032384259|180.0|21.3541448752|3.27421845198|51.4014|1.28592560313
74|2019-06-07|Mkn421-20190607@124952-R_Astrodon_2018.fts|Mkn421|11 04 27.30|+38 12 32.0|166.11374999999998|38.20888888888889|1073.119224493889|896.0715799963293|R_Astrodon_2018|2458642.0346412035|180.0|21.4424221047|3.18742285967|50.7704|1.29767279968
75|2019-06-07|Mkn501-20190607@172252-R_Astrodon_2018.fts|Mkn501|16 53 52.20|+39 45 37.0|253.4675|39.76027777777778|1026.8008700837668|1015.1773334781374|R_Astrodon_2018|2458642.224224537|180.0|21.5083259133|2.25856318474|64.0458|1.11555565131
76|2019-06-07|Mkn501-20190607@172607-R_Astrodon_2018.fts|Mkn501|16 53 52.20|+39 45 37.0|253.4675|39.76027777777778|1026.4645445610686|1016.3585537314686|R_Astrodon_2018|2458642.2264814815|180.0|21.5092699993|2.17902641296|63.5096|1.12087833905
77|2019-06-07|OJ248-20190607@121728-R_Astrodon_2018.fts|OJ248|08 30 52.10|+24 11 00.0|127.71708333333332|24.183333333333334|1005.8901417968847|1249.5725183154452|R_Astrodon_2018|2458642.0121412035|180.0|20.6897745031|3.74991840124|23.9443|2.49423692133
78|2019-06-07|OJ248-20190607@122042-R_Astrodon_2018.fts|OJ248|08 30 52.10|+24 11 00.0|127.71708333333332|24.183333333333334|1006.1465546864025|1251.0144528779342|R_Astrodon_2018|2458642.0143865743|180.0|20.3738857087|3.32496112585|23.2345|2.56746824048
79|2019-06-07|OJ287-20190607@122438-R_Astrodon_2018.fts|OJ287|08 54 48.90|+20 06 31.0|133.70374999999999|20.108611111111113|1005.0309377732989|1226.8663842689336|R_Astrodon_2018|2458642.017141204|180.0|21.1829518046|2.89821437597|26.5|2.26544194714
80|2019-06-07|S4_0954+65-20190607@123914-R_Astrodon_2018.fts|S4_0954+65|09 58 47.20|+65 33 55.0|149.69666666666666|65.56527777777778|1094.081835309976|1040.607776047519|R_Astrodon_2018|2458642.027256944|180.0|21.0497424571|3.22540451288|34.8451|1.75191515739
81|2019-06-07|S4_0954+65-20190607@124228-R_Astrodon_2018.fts|S4_0954+65|09 58 47.20|+65 33 55.0|149.69666666666666|65.56527777777778|1093.3985202049573|1042.1980205160908|R_Astrodon_2018|2458642.029502315|180.0|21.028086911|3.31356979609|34.5314|1.76600328461
82|2019-06-08|3C345-20190608@163829-R_Astrodon_2018.fts|3C345|16 42 58.80|+39 48 37.0|250.74499999999995|39.81027777777778|1026.8104808214873|1018.4326764646827|R_Astrodon_2018|2458643.193402778|180.0|21.0537766681|1.99916590452|68.5097|1.07685143183
83|2019-06-08|3C345-20190608@164143-R_Astrodon_2018.fts|3C345|16 42 58.80|+39 48 37.0|250.74499999999995|39.81027777777778|1026.7797631187982|1019.2775543649298|R_Astrodon_2018|2458643.195648148|180.0|21.0497696007|1.98793727607|68.0601|1.08036619206
84|2019-06-08|3C345-20190608@182314-R_Astrodon_2018.fts|3C345|16 42 58.80|+39 48 37.0|250.74499999999995|39.81027777777778|1035.3624217234333|1008.5820984349485|R_Astrodon_2018|2458643.2661458333|180.0|20.1781797576|2.80163658857|50.5403|1.30269533161
85|2019-06-08|3C345-20190608@182628-R_Astrodon_2018.fts|3C345|16 42 58.80|+39 48 37.0|250.74499999999995|39.81027777777778|1034.7865786527673|1011.2911370928432|R_Astrodon_2018|2458643.2683912036|180.0|19.9695397034|2.68556082249|49.9291|1.31457496408
86|2019-06-08|3C371-20190608@165951-R_Astrodon_2018.fts|3C371|18 06 50.70|+69 49 28.0|271.71124999999995|69.82444444444444|1034.3467638422342|1060.3290699287693|R_Astrodon_2018|2458643.208275463|180.0|21.4983839402|2.51554318666|43.6408|1.44739726544
87|2019-06-08|3C371-20190608@184435-R_Astrodon_2018.fts|3C371|18 06 50.70|+69 49 28.0|271.71124999999995|69.82444444444444|1041.2147684000804|1058.7246966552336|R_Astrodon_2018|2458643.2809953704|180.0|20.4245622949|2.54053174257|40.9374|1.52850580842
88|2019-06-08|3C371-20190608@184752-R_Astrodon_2018.fts|3C371|18 06 50.70|+69 49 28.0|271.71124999999995|69.82444444444444|1040.543296378404|1058.942445695959|R_Astrodon_2018|2458643.2832523147|180.0|20.4268319886|2.49228042364|40.7796|1.53351189626
89|2019-06-08|3C454-3-20190608@171515-R_Astrodon_2018.fts|3C454-3|22 53 57.70|+16 08 54.0|343.49041666666665|16.148333333333333|1025.3232966419087|1042.0053923621906|R_Astrodon_2018|2458643.218935185|180.0|20.6539596425|3.42782822847|27.0681|2.14998875655
90|2019-06-08|3C454-3-20190608@171830-R_Astrodon_2018.fts|3C454-3|22 53 57.70|+16 08 54.0|343.49041666666665|16.148333333333333|1025.7366277527492|1040.168062063879|R_Astrodon_2018|2458643.2211921294|180.0|20.7190807799|3.14410437346|27.8103|2.09829269554
91|2019-06-08|3C454-3-20190608@190750-R_Astrodon_2018.fts|3C454-3|22 53 57.70|+16 08 54.0|343.49041666666665|16.148333333333333|1022.8363980397351|1030.0366827656392|R_Astrodon_2018|2458643.2971180556|180.0|19.9820628279|2.27405261993|52.9072|1.24434008012
92|2019-06-08|3C454-3-20190608@191104-R_Astrodon_2018.fts|3C454-3|22 53 57.70|+16 08 54.0|343.49041666666665|16.148333333333333|1022.6106266455469|1028.6432414614703|R_Astrodon_2018|2458643.299363426|180.0|19.6216021485|2.21940891743|53.6486|1.23253191509
93|2019-06-08|4C38-41-20190608@163141-R_Astrodon_2018.fts|4C38-41|16 35 15.50|+38 08 04.0|248.81458333333327|38.13444444444444|1025.073708930788|1017.7100278070753|R_Astrodon_2018|2458643.1886805557|180.0|21.3248014903|2.16580195427|69.5187|1.06968480899
94|2019-06-08|4C38-41-20190608@163456-R_Astrodon_2018.fts|4C38-41|16 35 15.50|+38 08 04.0|248.81458333333327|38.13444444444444|1024.8299466638637|1018.7331716622732|R_Astrodon_2018|2458643.190925926|180.0|21.3248176743|2.0673248291|69.0311|1.07328513718
95|2019-06-08|4C38-41-20190608@181629-R_Astrodon_2018.fts|4C38-41|16 35 15.50|+38 08 04.0|248.81458333333327|38.13444444444444|1032.527216139638|1008.1485071859238|R_Astrodon_2018|2458643.261458333|180.0|20.9350540594|2.55973112583|50.6562|1.30072576161
96|2019-06-08|4C38-41-20190608@181943-R_Astrodon_2018.fts|4C38-41|16 35 15.50|+38 08 04.0|248.81458333333327|38.13444444444444|1032.06780526063|1010.753796959848|R_Astrodon_2018|2458643.263703704|180.0|20.7480816867|2.73910433054|50.0262|1.31289008238
97|2019-06-08|4C51-37-20190608@165228-R_Astrodon_2018.fts|4C51-37|17 40 37.00|+52 11 43.0|265.15416666666664|52.195277777777775|1033.3201656463098|1022.2186954702286|R_Astrodon_2018|2458643.203136574|180.0|21.6192454812|2.16861429214|60.9511|1.14425886221
98|2019-06-08|4C51-37-20190608@165546-R_Astrodon_2018.fts|4C51-37|17 40 37.00|+52 11 43.0|265.15416666666664|52.195277777777775|1032.7971005744353|1021.7020008065743|R_Astrodon_2018|2458643.205405093|180.0|21.6219740678|2.26379003525|60.8515|1.14549290411
99|2019-06-08|4C51-37-20190608@183714-R_Astrodon_2018.fts|4C51-37|17 40 37.00|+52 11 43.0|265.15416666666664|52.195277777777775|1054.2870021675903|994.3404091689201|R_Astrodon_2018|2458643.275891204|180.0|20.2656182419|2.49766435623|52.3743|1.2672319574
100|2019-06-08|4C51-37-20190608@184031-R_Astrodon_2018.fts|4C51-37|17 40 37.00|+52 11 43.0|265.15416666666664|52.195277777777775|1053.4937179810468|996.0163769243763|R_Astrodon_2018|2458643.278148148|180.0|20.7992913794|2.42703572512|51.9751|1.2742462873
101|2019-06-08|CTA102-20190608@170824-R_Astrodon_2018.fts|CTA102|22 32 36.40|+11 43 51.0|338.15166666666664|11.730833333333333|1023.448123411127|1020.8615427534046|R_Astrodon_2018|2458643.214201389|180.0|21.0998617964|3.37684476376|28.9174|2.02681533291
102|2019-06-08|CTA102-20190608@171141-R_Astrodon_2018.fts|CTA102|22 32 36.40|+11 43 51.0|338.15166666666664|11.730833333333333|1024.079592192372|1018.5355071100003|R_Astrodon_2018|2458643.216446759|180.0|21.0857440662|3.38294682503|29.6608|1.98142338017
103|2019-06-08|CTA102-20190608@190056-R_Astrodon_2018.fts|CTA102|22 32 36.40|+11 43 51.0|338.15166666666664|11.730833333333333|983.771214565455|924.2398233924025|R_Astrodon_2018|2458643.292361111|180.0|20.8247418202|2.24944965839|54.6147|1.21840506725
104|2019-06-08|CTA102-20190608@190414-R_Astrodon_2018.fts|CTA102|22 32 36.40|+11 43 51.0|338.15166666666664|11.730833333333333|983.8298219942617|923.3207939616178|R_Astrodon_2018|2458643.2946180557|180.0|20.4956620582|2.13021302223|55.3414|1.20781870341
105|2019-06-08|DA406-20190608@162434-R_Astrodon_2018.fts|DA406|16 13 41.00|+34 12 48.0|243.42083333333326|34.21333333333334|1105.5674700146558|925.45678253442|R_Astrodon_2018|2458643.183761574|180.0|21.4681892274|2.03673977256|69.2305|1.07245660304
106|2019-06-08|DA406-20190608@162752-R_Astrodon_2018.fts|DA406|16 13 41.00|+34 12 48.0|243.42083333333326|34.21333333333334|1105.1872579657395|926.9721956300322|R_Astrodon_2018|2458643.1860300926|180.0|21.4739838034|2.09565169811|68.6176|1.07702509663
107|2019-06-08|DA406-20190608@180938-R_Astrodon_2018.fts|DA406|16 13 41.00|+34 12 48.0|243.42083333333326|34.21333333333334|1022.6963177004868|1024.5714554265674|R_Astrodon_2018|2458643.256724537|180.0|21.1538890626|2.52811609507|48.0757|1.35316684359
108|2019-06-08|DA406-20190608@181254-R_Astrodon_2018.fts|DA406|16 13 41.00|+34 12 48.0|243.42083333333326|34.21333333333334|1022.4172575770888|1027.1745498852051|R_Astrodon_2018|2458643.258969907|180.0|21.0420487924|2.47905812263|47.4058|1.36795637377
109|2019-06-08|ES2344+514-20190608@173001-R_Astrodon_2018.fts|ES2344+514|23 47 04.00|+51 42 18.0|356.76666666666665|51.705000000000005|1056.964315799931|1126.4578744382395|R_Astrodon_2018|2458643.229212963|180.0|21.6889590658|3.58269052505|26.3998|2.21063403029
110|2019-06-08|ES2344+514-20190608@192234-R_Astrodon_2018.fts|ES2344+514|23 47 04.00|+51 42 18.0|356.76666666666665|51.705000000000005|1049.73251631981|1087.1846030295499|R_Astrodon_2018|2458643.307372685|180.0|20.9124756542|2.48323254585|43.6564|1.43901525956
111|2019-06-08|KS1510-08-20190608@161702-R_Astrodon_2018.fts|KS1510-08|15 12 50.50|-09 06 00.0|228.21041666666665|-9.1|1024.3069284475596|1024.2248061803843|R_Astrodon_2018|2458643.178530093|180.0|20.9148766798|2.47958191633|43.6761|1.45719370191
112|2019-06-08|KS1510-08-20190608@162019-R_Astrodon_2018.fts|KS1510-08|15 12 50.50|-09 06 00.0|228.21041666666665|-9.1|1025.6174431409693|1025.599308268529|R_Astrodon_2018|2458643.180775463|180.0|20.9802226114|2.34284408092|43.1097|1.472864963
113|2019-06-08|L-Lacertae-20190608@172238-R_Astrodon_2018.fts|L-Lacertae|22 02 43.30|+42 16 40.0|330.68041666666664|42.27777777777778|993.2141571834976|1011.9191199841422|R_Astrodon_2018|2458643.224085648|180.0|21.5319865931|2.78482451439|43.0526|1.45182255492
114|2019-06-08|L-Lacertae-20190608@172555-R_Astrodon_2018.fts|L-Lacertae|22 02 43.30|+42 16 40.0|330.68041666666664|42.27777777777778|993.1817100379801|1010.4935893184468|R_Astrodon_2018|2458643.2263425924|180.0|21.5182372633|2.68067787886|43.6512|1.43607599563
115|2019-06-08|L-Lacertae-20190608@191513-R_Astrodon_2018.fts|L-Lacertae|22 02 43.30|+42 16 40.0|330.68041666666664|42.27777777777778|978.1754061807766|1037.0459647034652|R_Astrodon_2018|2458643.3022685186|180.0|20.7832295582|2.08241305947|62.5493|1.12348336641
116|2019-06-08|L-Lacertae-20190608@191830-R_Astrodon_2018.fts|L-Lacertae|22 02 43.30|+42 16 40.0|330.68041666666664|42.27777777777778|978.2285731059021|1037.33280724305|R_Astrodon_2018|2458643.304525463|180.0|20.9552842026|2.12751940489|63.0354|1.11872599463
117|2019-06-08|Mkn501-20190608@164515-R_Astrodon_2018.fts|Mkn501|16 53 52.20|+39 45 37.0|253.4675|39.76027777777778|1026.3679559461646|1017.4455582754|R_Astrodon_2018|2458643.1980902776|180.0|21.4946194857|2.21854795218|69.0996|1.07245834672
118|2019-06-08|Mkn501-20190608@164829-R_Astrodon_2018.fts|Mkn501|16 53 52.20|+39 45 37.0|253.4675|39.76027777777778|1026.3894107426488|1018.1819101198914|R_Astrodon_2018|2458643.2003472224|180.0|21.5089462902|2.27603245974|68.6626|1.07576082956
119|2019-06-08|Mkn501-20190608@183001-R_Astrodon_2018.fts|Mkn501|16 53 52.20|+39 45 37.0|253.4675|39.76027777777778|1035.2479690676066|1004.6404256181286|R_Astrodon_2018|2458643.2708449075|180.0|20.4984017225|2.50193785429|51.3225|1.28822568084
120|2019-06-08|Mkn501-20190608@183315-R_Astrodon_2018.fts|Mkn501|16 53 52.20|+39 45 37.0|253.4675|39.76027777777778|1034.7419787727235|1007.3222489194623|R_Astrodon_2018|2458643.273101852|180.0|20.1815157585|2.6552120924|50.7095|1.29962743267
121|2019-06-08|ON231-20190608@161217-R_Astrodon_2018.fts|ON231|12 21 31.70|+28 13 59.0|185.3820833333333|28.233055555555556|1577.7820617262419|1248.5238894660004|R_Astrodon_2018|2458643.1752199074|180.0|21.2242714528|3.18638157845|23.1458|2.57901866123
122|2019-06-08|PKS2155-304-20190608@185325-R_Astrodon_2018.fts|PKS2155-304|21 58 52.00|-30 13 32.0|329.7166666666666|-30.225555555555555|1020.6949456777766|1022.0583674954693|R_Astrodon_2018|2458643.2871296294|180.0|20.6956266877|3.48263612986|29.6919|1.99371083275
123|2019-06-08|PKS2155-304-20190608@185642-R_Astrodon_2018.fts|PKS2155-304|21 58 52.00|-30 13 32.0|329.7166666666666|-30.225555555555555|1019.8641842480422|1023.2489766774656|R_Astrodon_2018|2458643.289386574|180.0|20.6584530009|3.3580706954|30.0438|1.97312889531
124|2019-06-16|3C345-20190616@184227-R_Astrodon_2018.fts|3C345|16 42 58.80|+39 48 37.0|250.74499999999995|39.81027777777778|1036.7846993561673|1005.5848819198965|R_Astrodon_2018|2458651.279490741|180.0|20.6789944346|2.88496096134|40.8564|1.54085060765
125|2019-06-16|3C345-20190616@190813-R_Astrodon_2018.fts|3C345|16 42 58.80|+39 48 37.0|250.74499999999995|39.81027777777778|1029.3001093491905|1041.5490666994597|R_Astrodon_2018|2458651.2974074073|180.0|20.4692952294|2.81379226446|35.8892|1.72167509888
126|2019-06-16|4C38-41-20190616@183539-R_Astrodon_2018.fts|4C38-41|16 35 15.50|+38 08 04.0|248.81458333333327|38.13444444444444|1033.7888331499644|1005.0757355766875|R_Astrodon_2018|2458651.2747685183|180.0|21.0224306891|2.86238151789|40.717|1.54543303107
127|2019-06-16|4C38-41-20190616@183853-R_Astrodon_2018.fts|4C38-41|16 35 15.50|+38 08 04.0|248.81458333333327|38.13444444444444|1033.6779860995023|1008.0660097768957|R_Astrodon_2018|2458651.277013889|180.0|20.9939100683|2.90691814423|40.0795|1.56622507666
128|2019-06-16|DA406-20190616@182848-R_Astrodon_2018.fts|DA406|16 13 41.00|+34 12 48.0|243.42083333333326|34.21333333333334|986.8951204683938|983.6423177555922|R_Astrodon_2018|2458651.270034722|180.0|21.1161574734|2.78804491758|37.5916|1.65486630012
129|2019-06-16|DA406-20190616@183205-R_Astrodon_2018.fts|DA406|16 13 41.00|+34 12 48.0|243.42083333333326|34.21333333333334|987.2964628089055|985.8105288630649|R_Astrodon_2018|2458651.272291667|180.0|21.0809081276|2.93463439941|36.9204|1.68100808408
130|2019-06-18|3C273-20190618@133707-R_Astrodon_2018.fts|3C273|12 29 06.70|+02 03 09.0|187.27791666666664|2.0524999999999998|981.6547905400133|1046.3148505933136|R_Astrodon_2018|2458653.067476852|180.0|21.2200886871|2.25965321064|42.0098|1.50687854177
131|2019-06-18|3C273-20190618@134024-R_Astrodon_2018.fts|3C273|12 29 06.70|+02 03 09.0|187.27791666666664|2.0524999999999998|982.1880161225823|1048.8573924661523|R_Astrodon_2018|2458653.069733796|180.0|21.2150715108|2.21682043076|41.3054|1.52821701199
132|2019-06-18|3C279-20190618@134421-R_Astrodon_2018.fts|3C279|12 56 11.10|-05 47 22.0|194.04624999999996|-5.789444444444444|1010.3120925976748|1027.2026000312599|R_Astrodon_2018|2458653.0725|180.0|21.3378391159|2.19216041565|41.6524|1.51664165793
133|2019-06-18|3C279-20190618@134738-R_Astrodon_2018.fts|3C279|12 56 11.10|-05 47 22.0|194.04624999999996|-5.789444444444444|1011.1371374599006|1029.2019581856507|R_Astrodon_2018|2458653.0747569446|180.0|21.3385280401|2.19200427532|41.0179|1.53624792971
134|2019-06-18|3C345-20190618@141505-R_Astrodon_2018.fts|3C345|16 42 58.80|+39 48 37.0|250.74499999999995|39.81027777777778|1016.5817749468514|1033.2890273218998|R_Astrodon_2018|2458653.0938194445|180.0|20.939834|2.27233159542|71.7706|1.05120353443
135|2019-06-18|3C345-20190618@141819-R_Astrodon_2018.fts|3C345|16 42 58.80|+39 48 37.0|250.74499999999995|39.81027777777778|1015.8429036901432|1034.6618647799237|R_Astrodon_2018|2458653.096064815|180.0|20.9479007996|2.29179877043|72.0634|1.04956180762
136|2019-06-18|3C371-20190618@143627-R_Astrodon_2018.fts|3C371|18 06 50.70|+69 49 28.0|271.71124999999995|69.82444444444444|1013.7618481876164|1111.997841232136|R_Astrodon_2018|2458653.1086805556|180.0|21.3111419221|2.33909701109|41.3116|1.50806370026
137|2019-06-18|4C29-45-20190618@132252-R_Astrodon_2018.fts|4C29-45|11 59 31.80|+29 14 44.0|179.88249999999996|29.245555555555555|1022.9777846805181|956.5250495060712|R_Astrodon_2018|2458653.0575925927|180.0|21.5019369771|2.75651990175|46.7011|1.38377775951
138|2019-06-18|4C29-45-20190618@132610-R_Astrodon_2018.fts|4C29-45|11 59 31.80|+29 14 44.0|179.88249999999996|29.245555555555555|1022.8627667010999|960.4822151152007|R_Astrodon_2018|2458653.059849537|180.0|21.4947910391|2.54216731787|45.9922|1.40048775131
139|2019-06-18|4C38-41-20190618@140820-R_Astrodon_2018.fts|4C38-41|16 35 15.50|+38 08 04.0|248.81458333333327|38.13444444444444|1018.5447125706282|1029.849626749841|R_Astrodon_2018|2458653.0891319443|180.0|21.2403508777|2.22511433363|73.313|1.04240000815
140|2019-06-18|4C38-41-20190618@141134-R_Astrodon_2018.fts|4C38-41|16 35 15.50|+38 08 04.0|248.81458333333327|38.13444444444444|1018.0751413685133|1031.4144906579259|R_Astrodon_2018|2458653.0913657406|180.0|21.2448886671|2.20347348452|73.6301|1.04078944472
141|2019-06-18|4C51-37-20190618@142907-R_Astrodon_2018.fts|4C51-37|17 40 37.00|+52 11 43.0|265.15416666666664|52.195277777777775|1012.2194693617105|1067.0775644453654|R_Astrodon_2018|2458653.103587963|180.0|21.5137246253|2.05721013546|57.2994|1.18446606578
142|2019-06-18|4C51-37-20190618@143224-R_Astrodon_2018.fts|4C51-37|17 40 37.00|+52 11 43.0|265.15416666666664|52.195277777777775|1011.1787980405409|1067.3075292084607|R_Astrodon_2018|2458653.1058449075|180.0|21.4891048598|2.18526854515|57.5911|1.18076203075
143|2019-06-18|DA406-20190618@140103-R_Astrodon_2018.fts|DA406|16 13 41.00|+34 12 48.0|243.42083333333326|34.21333333333334|1021.795696188566|1024.6695170627704|R_Astrodon_2018|2458653.0840972224|180.0|21.3227961359|2.20398028493|78.1405|1.02083028883
144|2019-06-18|DA406-20190618@140420-R_Astrodon_2018.fts|DA406|16 13 41.00|+34 12 48.0|243.42083333333326|34.21333333333334|1020.7732772080403|1025.935666718859|R_Astrodon_2018|2458653.0863541667|180.0|21.3522471366|2.34674795866|78.4237|1.01990097371
145|2019-06-18|KS1510-08-20190618@135149-R_Astrodon_2018.fts|KS1510-08|15 12 50.50|-09 06 00.0|228.21041666666665|-9.1|1002.3580832885451|989.7804238096029|R_Astrodon_2018|2458653.0776851852|180.0|21.1419134832|2.15144532919|56.6895|1.19843101228
146|2019-06-18|KS1510-08-20190618@135506-R_Astrodon_2018.fts|KS1510-08|15 12 50.50|-09 06 00.0|228.21041666666665|-9.1|1003.7075344317742|988.9422064075322|R_Astrodon_2018|2458653.0799421296|180.0|21.186275768|2.06461555362|56.5133|1.20103908891
147|2019-06-18|Mkn421-20190618@131537-R_Astrodon_2018.fts|Mkn421|11 04 27.30|+38 12 32.0|166.11374999999998|38.20888888888889|1011.7328695042025|817.3150936470965|R_Astrodon_2018|2458653.0525462963|180.0|21.4019741201|3.02331045866|37.2181|1.66738523921
148|2019-06-18|Mkn421-20190618@131854-R_Astrodon_2018.fts|Mkn421|11 04 27.30|+38 12 32.0|166.11374999999998|38.20888888888889|1011.3708514558119|820.9446505224367|R_Astrodon_2018|2458653.0548032406|180.0|21.3878725322|2.90134336948|36.5785|1.69293063248
149|2019-06-18|Mkn501-20190618@142152-R_Astrodon_2018.fts|Mkn501|16 53 52.20|+39 45 37.0|253.4675|39.76027777777778|1018.3251598519406|1032.5392815594853|R_Astrodon_2018|2458653.0985185187|180.0|21.406833484|2.29955550432|71.4129|1.05325627205
150|2019-06-18|Mkn501-20190618@142506-R_Astrodon_2018.fts|Mkn501|16 53 52.20|+39 45 37.0|253.4675|39.76027777777778|1017.5864423787184|1033.8431863068265|R_Astrodon_2018|2458653.100775463|180.0|21.4174496161|2.30461493731|71.7342|1.05139777314
151|2019-06-18|ON231-20190618@132944-R_Astrodon_2018.fts|ON231|12 21 31.70|+28 13 59.0|185.3820833333333|28.233055555555556|1024.1116107157616|1008.7489563888084|R_Astrodon_2018|2458653.062326389|180.0|21.3686012107|2.5225122571|49.9492|1.3146067305
152|2019-06-18|ON231-20190618@133259-R_Astrodon_2018.fts|ON231|12 21 31.70|+28 13 59.0|185.3820833333333|28.233055555555556|1023.9552476249903|1012.0855568478304|R_Astrodon_2018|2458653.064583333|180.0|21.3667753101|2.58987970948|49.233|1.32897562156
153|2019-06-18|S4_0954+65-20190618@130807-R_Astrodon_2018.fts|S4_0954+65|09 58 47.20|+65 33 55.0|149.69666666666666|65.56527777777778|1054.264428333411|1163.9859741547825|R_Astrodon_2018|2458653.0473495373|180.0|20.9360558361|2.81334820986|27.5567|2.16271753401
154|2019-06-18|S4_0954+65-20190618@131125-R_Astrodon_2018.fts|S4_0954+65|09 58 47.20|+65 33 55.0|149.69666666666666|65.56527777777778|1053.3664451035156|1165.299000642514|R_Astrodon_2018|2458653.0496064816|180.0|20.9742741033|2.72127965689|27.2202|2.18750316259
155|2019-06-19|3C345-20190619@164249-R_Astrodon_2018.fts|3C345|16 42 58.80|+39 48 37.0|250.74499999999995|39.81027777777778|1027.6440324962339|1014.6842669569711|R_Astrodon_2018|2458654.196400463|180.0|20.4977831828|2.06694272757|60.9837|1.14770280772
156|2019-06-19|3C345-20190619@164604-R_Astrodon_2018.fts|3C345|16 42 58.80|+39 48 37.0|250.74499999999995|39.81027777777778|1027.3859990838869|1016.5363005428065|R_Astrodon_2018|2458654.1986574074|180.0|20.6031761873|2.03647741079|60.4174|1.15431097135
157|2019-06-19|3C371-20190619@174957-R_Astrodon_2018.fts|3C371|18 06 50.70|+69 49 28.0|271.71124999999995|69.82444444444444|1028.0988113965113|1078.3270247072978|R_Astrodon_2018|2458654.2430555555|180.0|21.4095098801|1.82691488266|41.4588|1.51232846495
158|2019-06-19|3C371-20190619@175314-R_Astrodon_2018.fts|3C371|18 06 50.70|+69 49 28.0|271.71124999999995|69.82444444444444|1027.8742637619014|1078.6560061197479|R_Astrodon_2018|2458654.2453125|180.0|21.4136372164|1.78929021955|41.315|1.51677525308
159|2019-06-19|4C38-41-20190619@163601-R_Astrodon_2018.fts|4C38-41|16 35 15.50|+38 08 04.0|248.81458333333327|38.13444444444444|1026.249649466633|1014.4580679769225|R_Astrodon_2018|2458654.191678241|180.0|20.3705677748|2.00605896711|61.5102|1.14205733105
160|2019-06-19|4C38-41-20190619@163915-R_Astrodon_2018.fts|4C38-41|16 35 15.50|+38 08 04.0|248.81458333333327|38.13444444444444|1025.6342304759387|1015.6549711686788|R_Astrodon_2018|2458654.193935185|180.0|20.6186304951|2.04067906737|60.9167|1.14874313865
161|2019-06-19|4C51-37-20190619@165655-R_Astrodon_2018.fts|4C51-37|17 40 37.00|+52 11 43.0|265.15416666666664|52.195277777777775|1036.4898185953618|1009.942497638814|R_Astrodon_2018|2458654.206226852|180.0|20.9865621792|2.04496276379|58.2799|1.17777219762
162|2019-06-19|4C51-37-20190619@170013-R_Astrodon_2018.fts|4C51-37|17 40 37.00|+52 11 43.0|265.15416666666664|52.195277777777775|1035.5534651056773|1010.5043704856225|R_Astrodon_2018|2458654.208483796|180.0|19.8183842987|1.9793861568|58.0117|1.18134130683
163|2019-06-19|DA406-20190619@162909-R_Astrodon_2018.fts|DA406|16 13 41.00|+34 12 48.0|243.42083333333326|34.21333333333334|1100.8784158352062|917.756169445244|R_Astrodon_2018|2458654.1869560187|180.0|21.2003628374|2.18730365038|59.8375|1.1619227612
164|2019-06-19|DA406-20190619@163227-R_Astrodon_2018.fts|DA406|16 13 41.00|+34 12 48.0|243.42083333333326|34.21333333333334|1100.235382676653|919.8486429725294|R_Astrodon_2018|2458654.189212963|180.0|21.1255567568|2.17314946651|59.1781|1.17006673153
165|2019-06-19|KS1510-08-20190619@162133-R_Astrodon_2018.fts|KS1510-08|15 12 50.50|-09 06 00.0|228.21041666666665|-9.1|1022.977019832448|1023.4976762192739|R_Astrodon_2018|2458654.1816666666|180.0|21.1633490477|2.04706835151|34.7454|1.77064611374
166|2019-06-19|KS1510-08-20190619@162451-R_Astrodon_2018.fts|KS1510-08|15 12 50.50|-09 06 00.0|228.21041666666665|-9.1|1023.586278638074|1024.898095522459|R_Astrodon_2018|2458654.183935185|180.0|20.8357330307|2.04070055485|34.0978|1.80045489944
167|2019-06-19|Mkn501-20190619@164937-R_Astrodon_2018.fts|Mkn501|16 53 52.20|+39 45 37.0|253.4675|39.76027777777778|1026.3460829579976|1012.1450258102824|R_Astrodon_2018|2458654.2011342593|180.0|21.1414981107|2.15844221115|61.7041|1.13969551391
168|2019-06-19|Mkn501-20190619@165251-R_Astrodon_2018.fts|Mkn501|16 53 52.20|+39 45 37.0|253.4675|39.76027777777778|1026.2672388377791|1013.9978337700912|R_Astrodon_2018|2458654.2033796296|180.0|21.1600538884|2.06434770226|61.146|1.14600362933
169|2019-06-20|3C273-20190620@132433-R_Astrodon_2018.fts|3C273|12 29 06.70|+02 03 09.0|187.27791666666664|2.0524999999999998|981.6023750820102|1044.5296947618397|R_Astrodon_2018|2458655.05875|180.0|20.6097206645|2.32653306723|43.0248|1.47759203596
170|2019-06-20|3C273-20190620@132749-R_Astrodon_2018.fts|3C273|12 29 06.70|+02 03 09.0|187.27791666666664|2.0524999999999998|981.9525126355924|1047.5404844118402|R_Astrodon_2018|2458655.06099537|180.0|20.3672258594|2.47390886545|42.3276|1.4976925897
171|2019-06-20|3C345-20190620@154657-R_Astrodon_2018.fts|3C345|16 42 58.80|+39 48 37.0|250.74499999999995|39.81027777777778|1024.8092461180293|1020.5029370040872|R_Astrodon_2018|2458655.157615741|180.0|20.9646865964|1.95929101706|69.0951|1.07243974074
172|2019-06-20|3C345-20190620@155012-R_Astrodon_2018.fts|3C345|16 42 58.80|+39 48 37.0|250.74499999999995|39.81027777777778|1024.6526425436477|1021.3495956444636|R_Astrodon_2018|2458655.159861111|180.0|20.9703392206|1.94127093554|68.6624|1.07573026248
173|2019-06-20|3C371-20190620@161156-R_Astrodon_2018.fts|3C371|18 06 50.70|+69 49 28.0|271.71124999999995|69.82444444444444|1017.5873029659584|1025.7533536544584|R_Astrodon_2018|2458655.174976852|180.0|21.2828411256|1.98435035944|43.6421|1.43939931257
174|2019-06-20|3C371-20190620@161514-R_Astrodon_2018.fts|3C371|18 06 50.70|+69 49 28.0|271.71124999999995|69.82444444444444|1017.0083805317175|1025.1548624719728|R_Astrodon_2018|2458655.1772453706|180.0|21.2615817769|1.91330379248|43.6349|1.43972946223
175|2019-06-20|4C29-45-20190620@131020-R_Astrodon_2018.fts|4C29-45|11 59 31.80|+29 14 44.0|179.88249999999996|29.245555555555555|1020.6685299273187|960.3558723870616|R_Astrodon_2018|2458655.0488773147|180.0|20.6702958469|2.70778957605|47.7238|1.36074790767
176|2019-06-20|4C29-45-20190620@131337-R_Astrodon_2018.fts|4C29-45|11 59 31.80|+29 14 44.0|179.88249999999996|29.245555555555555|1020.1974363842409|963.5510610801757|R_Astrodon_2018|2458655.0511342594|180.0|21.1478248318|2.48833620548|47.0145|1.37667879185
177|2019-06-20|4C38-41-20190620@154008-R_Astrodon_2018.fts|4C38-41|16 35 15.50|+38 08 04.0|248.81458333333327|38.13444444444444|1023.4100658600092|1019.2614445511948|R_Astrodon_2018|2458655.1528819446|180.0|21.0833438539|2.05074382424|70.1585|1.06514388034
178|2019-06-20|4C38-41-20190620@154322-R_Astrodon_2018.fts|4C38-41|16 35 15.50|+38 08 04.0|248.81458333333327|38.13444444444444|1023.1294261036899|1020.4087646442796|R_Astrodon_2018|2458655.155127315|180.0|21.2517613363|1.95727297068|69.687|1.06851667816
179|2019-06-20|4C51-37-20190620@160058-R_Astrodon_2018.fts|4C51-37|17 40 37.00|+52 11 43.0|265.15416666666664|52.195277777777775|1026.4579523618795|1025.4708901306096|R_Astrodon_2018|2458655.1673726854|180.0|21.5014598994|1.8141522944|61.0626|1.14289494317
180|2019-06-20|4C51-37-20190620@160415-R_Astrodon_2018.fts|4C51-37|17 40 37.00|+52 11 43.0|265.15416666666664|52.195277777777775|1026.1357494711874|1024.9925780665478|R_Astrodon_2018|2458655.1696296297|180.0|21.4935829936|1.8955920279|60.9809|1.14392009923
181|2019-06-20|4C71-07-20190620@124839-R_Astrodon_2018.fts|4C71-07|08 41 24.30|+70 53 42.0|130.35125|70.89500000000001|1107.1452876478102|1137.2476698111677|R_Astrodon_2018|2458655.0338310185|180.0|21.4046767809|2.85452373028|21.7338|2.69482974625
182|2019-06-20|4C71-07-20190620@125157-R_Astrodon_2018.fts|4C71-07|08 41 24.30|+70 53 42.0|130.35125|70.89500000000001|1106.7081994712269|1137.2566268292835|R_Astrodon_2018|2458655.036087963|180.0|21.3810378879|3.05262403488|21.4708|2.72623737891
183|2019-06-20|DA406-20190620@153301-R_Astrodon_2018.fts|DA406|16 13 41.00|+34 12 48.0|243.42083333333326|34.21333333333334|1095.6450800991863|922.2763818544495|R_Astrodon_2018|2458655.1479629627|180.0|21.3600818398|2.05346265435|70.04|1.06666995175
184|2019-06-20|DA406-20190620@153619-R_Astrodon_2018.fts|DA406|16 13 41.00|+34 12 48.0|243.42083333333326|34.21333333333334|1095.2423277424382|923.3286359490893|R_Astrodon_2018|2458655.1502314815|180.0|21.3960480923|1.90717002153|69.4358|1.07099271135
185|2019-06-20|KS1510-08-20190620@152526-R_Astrodon_2018.fts|KS1510-08|15 12 50.50|-09 06 00.0|228.21041666666665|-9.1|1003.8250951432907|1032.1436302528173|R_Astrodon_2018|2458655.142696759|180.0|20.5780978275|2.06185877323|44.4393|1.43682520457
186|2019-06-20|KS1510-08-20190620@152843-R_Astrodon_2018.fts|KS1510-08|15 12 50.50|-09 06 00.0|228.21041666666665|-9.1|1004.5854738778355|1033.7984869376412|R_Astrodon_2018|2458655.1449421295|180.0|20.7343923322|1.97021334171|43.882|1.45167400177
187|2019-06-20|L-Lacertae-20190620@162128-R_Astrodon_2018.fts|L-Lacertae|22 02 43.30|+42 16 40.0|330.68041666666664|42.27777777777778|330.68041666666664|42.27777777777778|R_Astrodon_2018|2458655.181608796|180.0|-9999|-9999|40.4696|1.52533364294
188|2019-06-20|L-Lacertae-20190620@162544-R_Astrodon_2018.fts|L-Lacertae|22 02 43.30|+42 16 40.0|330.68041666666664|42.27777777777778|330.68041666666664|42.27777777777778|R_Astrodon_2018|2458655.1845486113|180.0|-9999|-9999|41.2526|1.50184577577
189|2019-06-20|Mkn421-20190620@130302-R_Astrodon_2018.fts|Mkn421|11 04 27.30|+38 12 32.0|166.11374999999998|38.20888888888889|1125.4848907885284|873.0017219170757|R_Astrodon_2018|2458655.0438078702|180.0|21.1683905978|3.05373903513|38.1472|1.63194868826
190|2019-06-20|Mkn421-20190620@130619-R_Astrodon_2018.fts|Mkn421|11 04 27.30|+38 12 32.0|166.11374999999998|38.20888888888889|1125.8128618162555|876.8061753730412|R_Astrodon_2018|2458655.046064815|180.0|20.3654136058|3.00367174149|37.5074|1.65608327431
191|2019-06-20|Mkn501-20190620@155345-R_Astrodon_2018.fts|Mkn501|16 53 52.20|+39 45 37.0|253.4675|39.76027777777778|1023.0333393705856|1019.5904852699857|R_Astrodon_2018|2458655.162337963|180.0|21.4163129392|1.92796526551|69.657|1.06837164729
192|2019-06-20|Mkn501-20190620@155659-R_Astrodon_2018.fts|Mkn501|16 53 52.20|+39 45 37.0|253.4675|39.76027777777778|1023.0826262718067|1020.3173299362267|R_Astrodon_2018|2458655.1645833333|180.0|21.419077302|1.88664652705|69.2403|1.07143696735
193|2019-06-20|ON231-20190620@131711-R_Astrodon_2018.fts|ON231|12 21 31.70|+28 13 59.0|185.3820833333333|28.233055555555556|1023.1035717414268|1008.6053070665218|R_Astrodon_2018|2458655.053611111|180.0|21.2431532859|2.52978048921|50.9824|1.29487564082
194|2019-06-20|ON231-20190620@132025-R_Astrodon_2018.fts|ON231|12 21 31.70|+28 13 59.0|185.3820833333333|28.233055555555556|1023.2666654288865|1010.9665233294663|R_Astrodon_2018|2458655.0558564817|180.0|20.9903437758|2.75777606964|50.2695|1.30852889486
195|2019-06-20|S4_0954+65-20190620@125540-R_Astrodon_2018.fts|S4_0954+65|09 58 47.20|+65 33 55.0|149.69666666666666|65.56527777777778|1135.6058545838134|1047.2623478910211|R_Astrodon_2018|2458655.0386689813|180.0|20.5901258494|3.49895995855|28.0362|2.1307514379
196|2019-06-20|S4_0954+65-20190620@125855-R_Astrodon_2018.fts|S4_0954+65|09 58 47.20|+65 33 55.0|149.69666666666666|65.56527777777778|1134.1594743288488|1049.011204706255|R_Astrodon_2018|2458655.040914352|180.0|20.7254179162|3.08930896521|27.7019|2.15467009836
197|2019-06-21|3C273-20190621@132153-R_Astrodon_2018.fts|3C273|12 29 06.70|+02 03 09.0|187.27791666666664|2.0524999999999998|982.0867605845166|1043.2214908593542|R_Astrodon_2018|2458656.0569097223|180.0|21.1983095902|2.15062356591|42.7487|1.48539566482
198|2019-06-21|3C273-20190621@132510-R_Astrodon_2018.fts|3C273|12 29 06.70|+02 03 09.0|187.27791666666664|2.0524999999999998|982.811572649579|1045.1502892771923|R_Astrodon_2018|2458656.0591550926|180.0|21.2174526336|2.28517872095|42.0505|1.50579236884
199|2019-06-21|3C279-20190621@132906-R_Astrodon_2018.fts|3C279|12 56 11.10|-05 47 22.0|194.04624999999996|-5.789444444444444|1010.7709580540248|1025.3185572341413|R_Astrodon_2018|2458656.061909722|180.0|21.2937248239|2.30810180902|42.3217|1.49677931809
200|2019-06-21|3C279-20190621@133223-R_Astrodon_2018.fts|3C279|12 56 11.10|-05 47 22.0|194.04624999999996|-5.789444444444444|1011.72393256019|1026.776199375049|R_Astrodon_2018|2458656.0641666665|180.0|21.2747478519|2.53415492773|41.6922|1.51550192738
201|2019-06-21|3C345-20190621@135959-R_Astrodon_2018.fts|3C345|16 42 58.80|+39 48 37.0|250.74499999999995|39.81027777777778|1017.716088788827|1035.1114926063988|R_Astrodon_2018|2458656.0833217595|180.0|20.8712778418|2.19228891134|71.4484|1.05304945371
202|2019-06-21|3C345-20190621@140312-R_Astrodon_2018.fts|3C345|16 42 58.80|+39 48 37.0|250.74499999999995|39.81027777777778|1017.3310671985594|1036.4940697287268|R_Astrodon_2018|2458656.08556713|180.0|20.8368123271|2.06591825485|71.7623|1.05123415172
203|2019-06-21|3C345-20190621@170147-R_Astrodon_2018.fts|3C345|16 42 58.80|+39 48 37.0|250.74499999999995|39.81027777777778|1030.181950972196|1013.8807342354521|R_Astrodon_2018|2458656.209583333|180.0|20.9203357874|2.08573952913|56.1881|1.20910765796
204|2019-06-21|3C345-20190621@170501-R_Astrodon_2018.fts|3C345|16 42 58.80|+39 48 37.0|250.74499999999995|39.81027777777778|1029.7185807728888|1015.899269563442|R_Astrodon_2018|2458656.2118287035|180.0|20.911843071|2.03245108724|55.5953|1.21781548628
205|2019-06-21|3C371-20190621@142116-R_Astrodon_2018.fts|3C371|18 06 50.70|+69 49 28.0|271.71124999999995|69.82444444444444|1015.4875846100297|1113.3875775695333|R_Astrodon_2018|2458656.098136574|180.0|21.0921332978|2.48628696203|41.1573|1.51252368045
206|2019-06-21|3C371-20190621@142434-R_Astrodon_2018.fts|3C371|18 06 50.70|+69 49 28.0|271.71124999999995|69.82444444444444|1015.0416420456909|1113.7993273424538|R_Astrodon_2018|2458656.1003935183|180.0|21.1227663994|2.4669242382|41.3054|1.50821927797
207|2019-06-21|3C371-20190621@172309-R_Astrodon_2018.fts|3C371|18 06 50.70|+69 49 28.0|271.71124999999995|69.82444444444444|1035.5414021072718|1059.7636200213333|R_Astrodon_2018|2458656.2244444443|180.0|21.3122105952|2.3488461256|42.2122|1.48960492302
208|2019-06-21|3C371-20190621@172626-R_Astrodon_2018.fts|3C371|18 06 50.70|+69 49 28.0|271.71124999999995|69.82444444444444|1034.4437826742974|1059.9929251396686|R_Astrodon_2018|2458656.226701389|180.0|21.285943857|2.38530845642|42.0934|1.49316747557
209|2019-06-21|4C29-45-20190621@130737-R_Astrodon_2018.fts|4C29-45|11 59 31.80|+29 14 44.0|179.88249999999996|29.245555555555555|1022.8942443493845|958.3170077558127|R_Astrodon_2018|2458656.047025463|180.0|21.4561631209|2.51547250748|47.4476|1.36684985382
210|2019-06-21|4C29-45-20190621@131057-R_Astrodon_2018.fts|4C29-45|11 59 31.80|+29 14 44.0|179.88249999999996|29.245555555555555|1022.903123892455|961.9085149042036|R_Astrodon_2018|2458656.0492824074|180.0|21.496652859|2.62334498167|46.7384|1.38300773735
211|2019-06-21|4C38-41-20190621@135309-R_Astrodon_2018.fts|4C38-41|16 35 15.50|+38 08 04.0|248.81458333333327|38.13444444444444|1019.8651295110362|1030.8495468643134|R_Astrodon_2018|2458656.078587963|180.0|21.1632741837|2.26600253582|72.9554|1.04424194172
212|2019-06-21|4C38-41-20190621@135624-R_Astrodon_2018.fts|4C38-41|16 35 15.50|+38 08 04.0|248.81458333333327|38.13444444444444|1019.4917132695392|1032.511239306449|R_Astrodon_2018|2458656.0808333335|180.0|21.1511817069|2.16912151575|73.2972|1.04245258031
213|2019-06-21|4C38-41-20190621@165500-R_Astrodon_2018.fts|4C38-41|16 35 15.50|+38 08 04.0|248.81458333333327|38.13444444444444|1028.7497092891902|1013.01314450393|R_Astrodon_2018|2458656.204861111|180.0|21.1599670265|2.12228472829|56.5078|1.20476246534
214|2019-06-21|4C38-41-20190621@165813-R_Astrodon_2018.fts|4C38-41|16 35 15.50|+38 08 04.0|248.81458333333327|38.13444444444444|1028.2938626894233|1015.2811055417044|R_Astrodon_2018|2458656.2071064813|180.0|21.2515899298|1.98679715991|55.8926|1.21367396159
215|2019-06-21|4C51-37-20190621@141359-R_Astrodon_2018.fts|4C51-37|17 40 37.00|+52 11 43.0|265.15416666666664|52.195277777777775|1014.2003950812067|1070.3376510214384|R_Astrodon_2018|2458656.0930787036|180.0|21.035962374|2.06942959428|56.9906|1.18844772226
216|2019-06-21|4C51-37-20190621@141716-R_Astrodon_2018.fts|4C51-37|17 40 37.00|+52 11 43.0|265.15416666666664|52.195277777777775|1014.0625413335331|1070.7238421905795|R_Astrodon_2018|2458656.095335648|180.0|20.9958181828|2.06982530951|57.2914|1.18455935162
217|2019-06-21|4C51-37-20190621@171549-R_Astrodon_2018.fts|4C51-37|17 40 37.00|+52 11 43.0|265.15416666666664|52.195277777777775|1042.607687651798|1002.6248844852652|R_Astrodon_2018|2458656.219351852|180.0|21.4232873139|2.28260825872|55.8022|1.21228523011
218|2019-06-21|4C51-37-20190621@171906-R_Astrodon_2018.fts|4C51-37|17 40 37.00|+52 11 43.0|265.15416666666664|52.195277777777775|1041.345879286807|1003.9844271169234|R_Astrodon_2018|2458656.221608796|180.0|21.3822596782|2.14891880751|55.463|1.21735701763
219|2019-06-21|4C71-07-20190621@124600-R_Astrodon_2018.fts|4C71-07|08 41 24.30|+70 53 42.0|130.35125|70.89500000000001|1068.1059842938525|1128.0865842860137|R_Astrodon_2018|2458656.031979167|180.0|21.4545819081|3.94381318092|21.6314|2.70694026514
220|2019-06-21|4C71-07-20190621@124918-R_Astrodon_2018.fts|4C71-07|08 41 24.30|+70 53 42.0|130.35125|70.89500000000001|1068.0853431265411|1129.6600226819596|R_Astrodon_2018|2458656.034247685|180.0|21.3279398974|3.64770619869|21.3673|2.73882473686
221|2019-06-21|DA406-20190621@134551-R_Astrodon_2018.fts|DA406|16 13 41.00|+34 12 48.0|243.42083333333326|34.21333333333334|1022.316364396894|1024.5277336891456|R_Astrodon_2018|2458656.073541667|180.0|21.3519504827|2.37793778181|77.8064|1.02197635106
222|2019-06-21|DA406-20190621@134908-R_Astrodon_2018.fts|DA406|16 13 41.00|+34 12 48.0|243.42083333333326|34.21333333333334|1021.710313422831|1026.0247172398692|R_Astrodon_2018|2458656.075798611|180.0|21.3410392653|2.31704676151|78.1262|1.02087462463
223|2019-06-21|DA406-20190621@164807-R_Astrodon_2018.fts|DA406|16 13 41.00|+34 12 48.0|243.42083333333326|34.21333333333334|1102.8837658346827|911.8051565714113|R_Astrodon_2018|2458656.2001157408|180.0|21.2712940097|2.2335965991|54.3573|1.2376289649
224|2019-06-21|DA406-20190621@165125-R_Astrodon_2018.fts|DA406|16 13 41.00|+34 12 48.0|243.42083333333326|34.21333333333334|1102.77631706033|914.5002167577095|R_Astrodon_2018|2458656.202372685|180.0|21.074352489|2.11684502363|53.6882|1.24844820371
225|2019-06-21|KS1510-08-20190621@133635-R_Astrodon_2018.fts|KS1510-08|15 12 50.50|-09 06 00.0|228.21041666666665|-9.1|1004.6344730189828|991.5582349328034|R_Astrodon_2018|2458656.0671180557|180.0|21.1810194245|2.5538038373|56.8554|1.19598761034
226|2019-06-21|KS1510-08-20190621@133953-R_Astrodon_2018.fts|KS1510-08|15 12 50.50|-09 06 00.0|228.21041666666665|-9.1|1006.0887807718515|990.6825819398962|R_Astrodon_2018|2458656.069375|180.0|21.1637269711|2.4473670125|56.6983|1.19831961059
227|2019-06-21|KS1510-08-20190621@164036-R_Astrodon_2018.fts|KS1510-08|15 12 50.50|-09 06 00.0|228.21041666666665|-9.1|1022.8272885806763|1023.7331409037375|R_Astrodon_2018|2458656.1948842593|180.0|20.7453353984|2.47929614782|29.3067|2.0654707507
228|2019-06-21|KS1510-08-20190621@164352-R_Astrodon_2018.fts|KS1510-08|15 12 50.50|-09 06 00.0|228.21041666666665|-9.1|1024.4356928213176|1024.6953550637331|R_Astrodon_2018|2458656.1971412036|180.0|20.6342086324|2.43048830032|28.6347|2.11036602029
229|2019-06-21|L-Lacertae-20190621@142859-R_Astrodon_2018.fts|L-Lacertae|22 02 43.30|+42 16 40.0|330.68041666666664|42.27777777777778|1126.7160017758567|969.9471552626998|R_Astrodon_2018|2458656.1034953706|180.0|20.9211210444|3.80845113993|20.4913|2.77889520854
230|2019-06-21|L-Lacertae-20190621@173146-R_Astrodon_2018.fts|L-Lacertae|22 02 43.30|+42 16 40.0|330.68041666666664|42.27777777777778|1023.45480477042|1024.8884486857064|R_Astrodon_2018|2458656.2304166667|180.0|21.225007483|2.34228776693|53.9288|1.23066842902
231|2019-06-21|L-Lacertae-20190621@173503-R_Astrodon_2018.fts|L-Lacertae|22 02 43.30|+42 16 40.0|330.68041666666664|42.27777777777778|330.68041666666664|42.27777777777778|R_Astrodon_2018|2458656.232673611|180.0|-9999|-9999|54.4955|1.22208554931
232|2019-06-21|Mkn421-20190621@130021-R_Astrodon_2018.fts|Mkn421|11 04 27.30|+38 12 32.0|166.11374999999998|38.20888888888889|1083.889535543893|881.0817303327383|R_Astrodon_2018|2458656.0419444446|180.0|21.4136598693|4.13648502827|37.9014|1.64104598104
233|2019-06-21|Mkn421-20190621@130338-R_Astrodon_2018.fts|Mkn421|11 04 27.30|+38 12 32.0|166.11374999999998|38.20888888888889|1083.7097795487473|884.8680343374566|R_Astrodon_2018|2458656.044201389|180.0|21.4338713767|3.43151956797|37.2616|1.66543961845
234|2019-06-21|Mkn501-20190621@140647-R_Astrodon_2018.fts|Mkn501|16 53 52.20|+39 45 37.0|253.4675|39.76027777777778|1019.704876435955|1034.5768751622672|R_Astrodon_2018|2458656.0880439817|180.0|21.2569313603|2.15036001205|71.0681|1.05528792212
235|2019-06-21|Mkn501-20190621@141001-R_Astrodon_2018.fts|Mkn501|16 53 52.20|+39 45 37.0|253.4675|39.76027777777778|1018.7786619579989|1035.7686571753177|R_Astrodon_2018|2458656.090289352|180.0|21.2154493351|2.20813053846|71.4074|1.05327580266
236|2019-06-21|Mkn501-20190621@170835-R_Astrodon_2018.fts|Mkn501|16 53 52.20|+39 45 37.0|253.4675|39.76027777777778|1030.117843160913|1010.1402831226512|R_Astrodon_2018|2458656.2142939814|180.0|21.2833331503|2.02458530664|56.948|1.19845446632
237|2019-06-21|Mkn501-20190621@171149-R_Astrodon_2018.fts|Mkn501|16 53 52.20|+39 45 37.0|253.4675|39.76027777777778|1029.949449199282|1012.3256984521489|R_Astrodon_2018|2458656.2165509257|180.0|21.368091076|2.26551983356|56.355|1.20685470041
238|2019-06-21|OJ287-20190621@123109-R_Astrodon_2018.fts|OJ287|08 54 48.90|+20 06 31.0|133.70374999999999|20.108611111111113|1025.254106329353|1019.5856935997648|R_Astrodon_2018|2458656.0216666665|180.0|21.2136239377|5.019348979|12.7747|4.59015649466
239|2019-06-21|ON231-20190621@131432-R_Astrodon_2018.fts|ON231|12 21 31.70|+28 13 59.0|185.3820833333333|28.233055555555556|1024.5323071448574|1007.5567758799133|R_Astrodon_2018|2458656.0517708333|180.0|21.381715296|2.95394252539|50.6997|1.30021223162
240|2019-06-21|ON231-20190621@131746-R_Astrodon_2018.fts|ON231|12 21 31.70|+28 13 59.0|185.3820833333333|28.233055555555556|1024.4874311478616|1010.9380647510319|R_Astrodon_2018|2458656.0540162036|180.0|21.3505286716|2.70210255384|49.9869|1.31395544344
241|2019-06-21|S4_0954+65-20190621@125301-R_Astrodon_2018.fts|S4_0954+65|09 58 47.20|+65 33 55.0|149.69666666666666|65.56527777777778|1095.7516883196975|1048.811590762573|R_Astrodon_2018|2458656.0368287037|180.0|20.897865791|3.61943380833|27.9037|2.13996263715
242|2019-06-21|S4_0954+65-20190621@125614-R_Astrodon_2018.fts|S4_0954+65|09 58 47.20|+65 33 55.0|149.69666666666666|65.56527777777778|1095.3041514817432|1051.0243895558858|R_Astrodon_2018|2458656.0390625|180.0|20.8909011264|3.64241932631|27.571|2.16411913675
243|2019-06-21|S5_0716+71-20190621@123846-R_Astrodon_2018.fts|S5_0716+71|07 21 53.40|+71 20 36.0|110.47249999999998|71.34333333333333|1025.3092367029608|1189.7645963848117|R_Astrodon_2018|2458656.0269560185|180.0|20.8433295136|4.22939074039|16.2137|3.55422644388
244|2019-06-21|S5_0716+71-20190621@124204-R_Astrodon_2018.fts|S5_0716+71|07 21 53.40|+71 20 36.0|110.47249999999998|71.34333333333333|1026.641826978561|1190.8385431731067|R_Astrodon_2018|2458656.029212963|180.0|20.8320953897|4.45569589138|15.9798|3.60400550494
245|2019-06-27|3C345-20190627@151928-R_Astrodon_2018.fts|3C345|16 42 58.80|+39 48 37.0|250.74499999999995|39.81027777777778|1027.7306046978078|1019.5965265783065|R_Astrodon_2018|2458662.138530093|180.0|21.0089567187|2.71536039114|69.0899|1.07249611575
246|2019-06-27|3C345-20190627@152243-R_Astrodon_2018.fts|3C345|16 42 58.80|+39 48 37.0|250.74499999999995|39.81027777777778|1027.719042201324|1020.2070516841951|R_Astrodon_2018|2458662.140787037|180.0|21.0172882271|2.57406615019|68.6548|1.0757823635
247|2019-06-27|3C371-20190627@154421-R_Astrodon_2018.fts|3C371|18 06 50.70|+69 49 28.0|271.71124999999995|69.82444444444444|1019.3784943198405|1025.5300359487617|R_Astrodon_2018|2458662.1558564813|180.0|21.4616736936|3.06501303911|43.6421|1.43932982143
248|2019-06-27|3C371-20190627@154740-R_Astrodon_2018.fts|3C371|18 06 50.70|+69 49 28.0|271.71124999999995|69.82444444444444|1018.6822788104206|1024.7281917962143|R_Astrodon_2018|2458662.158113426|180.0|21.471436128|3.10993015766|43.635|1.43965555565
249|2019-06-27|3C454-3-20190627@161351-R_Astrodon_2018.fts|3C454-3|22 53 57.70|+16 08 54.0|343.49041666666665|16.148333333333333|343.49041666666665|16.148333333333333|R_Astrodon_2018|2458662.1763194446|180.0|-9999|-9999|30.1169|1.95563799133
250|2019-06-27|4C38-41-20190627@151241-R_Astrodon_2018.fts|4C38-41|16 35 15.50|+38 08 04.0|248.81458333333327|38.13444444444444|1026.3315430488108|1018.3076044432216|R_Astrodon_2018|2458662.1338194446|180.0|21.3018226107|2.36720867157|70.148|1.06523240606
251|2019-06-27|4C38-41-20190627@151556-R_Astrodon_2018.fts|4C38-41|16 35 15.50|+38 08 04.0|248.81458333333327|38.13444444444444|1026.1157249410965|1019.4809701467029|R_Astrodon_2018|2458662.136064815|180.0|21.3002864033|2.51717864275|69.6763|1.06860429366
252|2019-06-27|4C51-37-20190627@153330-R_Astrodon_2018.fts|4C51-37|17 40 37.00|+52 11 43.0|265.15416666666664|52.195277777777775|1034.9736234076704|1022.8333313018575|R_Astrodon_2018|2458662.148298611|180.0|21.6068243394|2.56351541281|61.0613|1.14289860601
253|2019-06-27|4C51-37-20190627@153647-R_Astrodon_2018.fts|4C51-37|17 40 37.00|+52 11 43.0|265.15416666666664|52.195277777777775|1034.3212131606754|1022.2899250768678|R_Astrodon_2018|2458662.1505555557|180.0|21.6027495086|2.58006154299|60.9794|1.14392610283
254|2019-06-27|CTA102-20190627@160430-R_Astrodon_2018.fts|CTA102|22 32 36.40|+11 43 51.0|338.15166666666664|11.730833333333333|338.15166666666664|11.730833333333333|R_Astrodon_2018|2458662.169826389|180.0|-9999|-9999|31.4018|1.88512264637
255|2019-06-27|CTA102-20190627@160846-R_Astrodon_2018.fts|CTA102|22 32 36.40|+11 43 51.0|338.15166666666664|11.730833333333333|338.15166666666664|11.730833333333333|R_Astrodon_2018|2458662.1727662035|180.0|-9999|-9999|32.3752|1.83550259334
256|2019-06-27|DA406-20190627@150535-R_Astrodon_2018.fts|DA406|16 13 41.00|+34 12 48.0|243.42083333333326|34.21333333333334|1102.8995725947607|922.2209584197682|R_Astrodon_2018|2458662.1289120372|180.0|21.4313277874|2.65127056837|70.0236|1.06678113132
257|2019-06-27|DA406-20190627@150853-R_Astrodon_2018.fts|DA406|16 13 41.00|+34 12 48.0|243.42083333333326|34.21333333333334|1102.9687678980686|923.6015780763411|R_Astrodon_2018|2458662.1311689815|180.0|21.4356116644|2.5265368104|69.4222|1.07111185643
258|2019-06-27|KS1510-08-20190627@145804-R_Astrodon_2018.fts|KS1510-08|15 12 50.50|-09 06 00.0|228.21041666666665|-9.1|1023.830626265114|1024.408870801879|R_Astrodon_2018|2458662.1236921297|180.0|21.2294674154|2.94031829834|44.4125|1.43763648512
259|2019-06-27|KS1510-08-20190627@150121-R_Astrodon_2018.fts|KS1510-08|15 12 50.50|-09 06 00.0|228.21041666666665|-9.1|1025.0836789293064|1025.8433504450204|R_Astrodon_2018|2458662.1259375|180.0|21.2190400246|3.08875792027|43.8549|1.45249695835
260|2019-06-27|L-Lacertae-20190627@155450-R_Astrodon_2018.fts|L-Lacertae|22 02 43.30|+42 16 40.0|330.68041666666664|42.27777777777778|330.68041666666664|42.27777777777778|R_Astrodon_2018|2458662.163113426|180.0|-9999|-9999|40.6341|1.52036983576
261|2019-06-27|L-Lacertae-20190627@155906-R_Astrodon_2018.fts|L-Lacertae|22 02 43.30|+42 16 40.0|330.68041666666664|42.27777777777778|330.68041666666664|42.27777777777778|R_Astrodon_2018|2458662.1660532407|180.0|-9999|-9999|41.417|1.49711692542
262|2019-06-27|Mkn501-20190627@152616-R_Astrodon_2018.fts|Mkn501|16 53 52.20|+39 45 37.0|253.4675|39.76027777777778|1027.1426284472464|1018.5388302267464|R_Astrodon_2018|2458662.143252315|180.0|21.4781467002|2.73472009897|69.652|1.06841250616
263|2019-06-27|Mkn501-20190627@152930-R_Astrodon_2018.fts|Mkn501|16 53 52.20|+39 45 37.0|253.4675|39.76027777777778|1027.183908655249|1019.4815861530885|R_Astrodon_2018|2458662.1454976853|180.0|21.4766499531|2.56650905609|69.2352|1.07148083204
264|2019-06-28|3C345-20190628@161737-R_Astrodon_2018.fts|3C345|16 42 58.80|+39 48 37.0|250.74499999999995|39.81027777777778|1033.0835883268412|1013.2661515130521|R_Astrodon_2018|2458663.178912037|180.0|21.0046613372|2.46522018909|59.1913|1.16895983933
265|2019-06-28|3C345-20190628@162051-R_Astrodon_2018.fts|3C345|16 42 58.80|+39 48 37.0|250.74499999999995|39.81027777777778|1032.6981980308321|1014.9330083572368|R_Astrodon_2018|2458663.1811574074|180.0|21.0054217357|2.62046313286|58.6149|1.17629237934
266|2019-06-28|3C371-20190628@163913-R_Astrodon_2018.fts|3C371|18 06 50.70|+69 49 28.0|271.71124999999995|69.82444444444444|1040.6915199506625|1059.2029740888804|R_Astrodon_2018|2458663.193935185|180.0|21.4650628926|2.53651024103|42.7435|1.47400410054
267|2019-06-28|3C371-20190628@164232-R_Astrodon_2018.fts|3C371|18 06 50.70|+69 49 28.0|271.71124999999995|69.82444444444444|1039.8405532062145|1058.7880339003211|R_Astrodon_2018|2458663.1962037035|180.0|21.3070001117|2.50269167423|42.6471|1.47682137224
268|2019-06-28|3C454-3-20190628@170215-R_Astrodon_2018.fts|3C454-3|22 53 57.70|+16 08 54.0|343.49041666666665|16.148333333333333|1020.6937532998018|1035.9041230790772|R_Astrodon_2018|2458663.2098958334|180.0|20.4949148025|2.81876209974|42.1152|1.47427078097
269|2019-06-28|3C454-3-20190628@170529-R_Astrodon_2018.fts|3C454-3|22 53 57.70|+16 08 54.0|343.49041666666665|16.148333333333333|1020.5667793959684|1033.672018604213|R_Astrodon_2018|2458663.2121412037|180.0|20.1388787695|2.76413339376|42.8586|1.45385240947
270|2019-06-28|4C38-41-20190628@161051-R_Astrodon_2018.fts|4C38-41|16 35 15.50|+38 08 04.0|248.81458333333327|38.13444444444444|1030.3181577360513|1013.4383823678854|R_Astrodon_2018|2458663.174212963|180.0|21.2780550833|2.64020867348|59.6284|1.16380780363
271|2019-06-28|4C38-41-20190628@161405-R_Astrodon_2018.fts|4C38-41|16 35 15.50|+38 08 04.0|248.81458333333327|38.13444444444444|1029.920675700008|1015.2370701190858|R_Astrodon_2018|2458663.176458333|180.0|21.2697293642|2.74707020521|59.0268|1.17129353555
272|2019-06-28|4C51-37-20190628@163153-R_Astrodon_2018.fts|4C51-37|17 40 37.00|+52 11 43.0|265.15416666666664|52.195277777777775|1046.5066141645498|1004.2405241838234|R_Astrodon_2018|2458663.188854167|180.0|21.5818169977|2.36911194324|57.391|1.18967944248
273|2019-06-28|4C51-37-20190628@163510-R_Astrodon_2018.fts|4C51-37|17 40 37.00|+52 11 43.0|265.15416666666664|52.195277777777775|1046.19395703727|1005.0353309004427|R_Astrodon_2018|2458663.191099537|180.0|21.576595351|2.38465772867|57.0947|1.19381279752
274|2019-06-28|CTA102-20190628@165520-R_Astrodon_2018.fts|CTA102|22 32 36.40|+11 43 51.0|338.15166666666664|11.730833333333333|1063.9590604614023|1022.0578978659498|R_Astrodon_2018|2458663.2051273147|180.0|21.2243040518|2.5712782383|43.9691|1.4250136898
275|2019-06-28|CTA102-20190628@165838-R_Astrodon_2018.fts|CTA102|22 32 36.40|+11 43 51.0|338.15166666666664|11.730833333333333|1063.1759445794476|1019.9697944688993|R_Astrodon_2018|2458663.2073842594|180.0|21.2171549774|2.45856746435|44.7116|1.40649729775
276|2019-06-28|DA406-20190628@160401-R_Astrodon_2018.fts|DA406|16 13 41.00|+34 12 48.0|243.42083333333326|34.21333333333334|1105.871045274882|911.3254761720158|R_Astrodon_2018|2458663.1694907406|180.0|21.4176252217|2.89083892107|57.7555|1.18835027394
277|2019-06-28|DA406-20190628@160719-R_Astrodon_2018.fts|DA406|16 13 41.00|+34 12 48.0|243.42083333333326|34.21333333333334|1105.9709840124262|913.6466679000732|R_Astrodon_2018|2458663.1717592594|180.0|21.4139045594|2.7349219799|57.0881|1.19743208582
278|2019-06-28|KS1510-08-20190628@155624-R_Astrodon_2018.fts|KS1510-08|15 12 50.50|-09 06 00.0|228.21041666666665|-9.1|924.8764059833851|1155.2887375214|R_Astrodon_2018|2458663.164201389|180.0|20.9395888506|2.89610513449|32.7033|1.86705934817
279|2019-06-28|KS1510-08-20190628@155941-R_Astrodon_2018.fts|KS1510-08|15 12 50.50|-09 06 00.0|228.21041666666665|-9.1|925.6353252278067|1156.2719291350406|R_Astrodon_2018|2458663.1664583334|180.0|21.1669953451|2.87544207573|32.0475|1.90163509047
280|2019-06-28|L-Lacertae-20190628@164752-R_Astrodon_2018.fts|L-Lacertae|22 02 43.30|+42 16 40.0|330.68041666666664|42.27777777777778|1023.7806961765784|1023.7426644724724|R_Astrodon_2018|2458663.1999421297|180.0|21.4273397422|2.5508020997|51.0353|1.2782790186
281|2019-06-28|L-Lacertae-20190628@165109-R_Astrodon_2018.fts|L-Lacertae|22 02 43.30|+42 16 40.0|330.68041666666664|42.27777777777778|1023.5134606703963|1022.5270032542926|R_Astrodon_2018|2458663.202199074|180.0|21.4954476789|2.42266281843|51.615|1.26812526224
282|2019-06-28|Mkn501-20190628@162426-R_Astrodon_2018.fts|Mkn501|16 53 52.20|+39 45 37.0|253.4675|39.76027777777778|1032.3439880006586|1009.9254786221105|R_Astrodon_2018|2458663.1836342593|180.0|21.0634010139|2.65188235044|59.9298|1.16003307997
283|2019-06-28|Mkn501-20190628@162740-R_Astrodon_2018.fts|Mkn501|16 53 52.20|+39 45 37.0|253.4675|39.76027777777778|1032.0254874421219|1011.8620038452925|R_Astrodon_2018|2458663.1858912036|180.0|20.5576853609|2.668666327|59.3546|1.16707036635
284|2019-06-29|3C273-20190629@140221-R_Astrodon_2018.fts|3C273|12 29 06.70|+02 03 09.0|187.27791666666664|2.0524999999999998|991.6173801524806|1025.290592844471|R_Astrodon_2018|2458664.084988426|180.0|20.2821998518|2.51838977337|26.7971|2.24886911187
285|2019-06-29|3C273-20190629@140538-R_Astrodon_2018.fts|3C273|12 29 06.70|+02 03 09.0|187.27791666666664|2.0524999999999998|187.27791666666664|2.0524999999999998|R_Astrodon_2018|2458664.0872453703|180.0|-9999|-9999|26.061|2.30901194002
286|2019-06-29|3C279-20190629@140925-R_Astrodon_2018.fts|3C279|12 56 11.10|-05 47 22.0|194.04624999999996|-5.789444444444444|1014.2291274852804|1012.0513719276271|R_Astrodon_2018|2458664.0898958333|180.0|20.9392468926|2.46745445728|27.561|2.18929382689
287|2019-06-29|3C279-20190629@141242-R_Astrodon_2018.fts|3C279|12 56 11.10|-05 47 22.0|194.04624999999996|-5.789444444444444|1015.2243975502608|1013.2789827570404|R_Astrodon_2018|2458664.0921527776|180.0|21.1457705439|2.48621327877|26.86|2.24305991487
288|2019-06-29|3C345-20190629@143751-R_Astrodon_2018.fts|3C345|16 42 58.80|+39 48 37.0|250.74499999999995|39.81027777777778|1024.981734847299|1022.2740452609079|R_Astrodon_2018|2458664.1096180556|180.0|20.9781853884|2.34759719372|72.6256|1.04856387641
289|2019-06-29|3C345-20190629@144105-R_Astrodon_2018.fts|3C345|16 42 58.80|+39 48 37.0|250.74499999999995|39.81027777777778|1025.358177101593|1022.1030867934942|R_Astrodon_2018|2458664.111863426|180.0|20.973491363|2.29800995588|72.3813|1.05010846683
290|2019-06-29|3C371-20190629@150015-R_Astrodon_2018.fts|3C371|18 06 50.70|+69 49 28.0|271.71124999999995|69.82444444444444|1011.2459006352611|1119.7313820351621|R_Astrodon_2018|2458664.125196759|180.0|21.4183223921|2.20608255267|43.3786|1.45279610523
291|2019-06-29|3C371-20190629@150332-R_Astrodon_2018.fts|3C371|18 06 50.70|+69 49 28.0|271.71124999999995|69.82444444444444|1011.2397644265743|1121.189663296457|R_Astrodon_2018|2458664.127453704|180.0|21.4255997404|2.12938958406|43.4277|1.45162079945
292|2019-06-29|4C29-45-20190629@134827-R_Astrodon_2018.fts|4C29-45|11 59 31.80|+29 14 44.0|179.88249999999996|29.245555555555555|1028.8102836496428|937.6059465125886|R_Astrodon_2018|2458664.0753703704|180.0|21.3619666632|3.03753527403|31.7817|1.91987364438
293|2019-06-29|4C29-45-20190629@135146-R_Astrodon_2018.fts|4C29-45|11 59 31.80|+29 14 44.0|179.88249999999996|29.245555555555555|1028.9745243257405|941.3997565867348|R_Astrodon_2018|2458664.0776157407|180.0|21.411230837|3.08707795143|31.0877|1.95912326116
294|2019-06-29|4C38-41-20190629@143114-R_Astrodon_2018.fts|4C38-41|16 35 15.50|+38 08 04.0|248.81458333333327|38.13444444444444|1023.067305785893|1021.589469790902|R_Astrodon_2018|2458664.105034722|180.0|21.2601264436|2.40483151674|74.0779|1.04071133292
295|2019-06-29|4C38-41-20190629@143429-R_Astrodon_2018.fts|4C38-41|16 35 15.50|+38 08 04.0|248.81458333333327|38.13444444444444|1023.4100894091866|1021.7158781822213|R_Astrodon_2018|2458664.107280093|180.0|21.261654949|2.36141673923|73.796|1.04232170554
296|2019-06-29|4C51-37-20190629@145306-R_Astrodon_2018.fts|4C51-37|17 40 37.00|+52 11 43.0|265.15416666666664|52.195277777777775|1022.4382452725968|1028.088848897799|R_Astrodon_2018|2458664.1202430557|180.0|21.5602976762|2.48412194252|61.1421|1.14084152975
297|2019-06-29|4C51-37-20190629@145624-R_Astrodon_2018.fts|4C51-37|17 40 37.00|+52 11 43.0|265.15416666666664|52.195277777777775|1022.2694619613713|1030.4559089525403|R_Astrodon_2018|2458664.1225|180.0|21.5574498806|2.36383467913|61.1948|1.14038351196
298|2019-06-29|4C51-37-20190629@203307-R_Astrodon_2018.fts|4C51-37|17 40 37.00|+52 11 43.0|265.15416666666664|52.195277777777775|1022.6193820507694|1024.5614149904345|R_Astrodon_2018|2458664.3563541668|180.0|20.8457506532|-9999|23.3522|2.54883517872
299|2019-06-29|CTA102-20190629@151502-R_Astrodon_2018.fts|CTA102|22 32 36.40|+11 43 51.0|338.15166666666664|11.730833333333333|1040.6258607390328|1013.6187367620927|R_Astrodon_2018|2458664.135462963|180.0|20.9942197741|2.86927293539|21.8378|2.61064544234
300|2019-06-29|DA406-20190629@142406-R_Astrodon_2018.fts|DA406|16 13 41.00|+34 12 48.0|243.42083333333326|34.21333333333334|1102.6374148296347|930.3574572985881|R_Astrodon_2018|2458664.1000925926|180.0|21.4076794911|2.51819777489|75.6639|1.03354976916
301|2019-06-29|DA406-20190629@142723-R_Astrodon_2018.fts|DA406|16 13 41.00|+34 12 48.0|243.42083333333326|34.21333333333334|1102.1658149730565|930.9719807086174|R_Astrodon_2018|2458664.102361111|180.0|21.4123814062|2.4380068779|75.1812|1.03594819073
302|2019-06-29|KS1510-08-20190629@141642-R_Astrodon_2018.fts|KS1510-08|15 12 50.50|-09 06 00.0|228.21041666666665|-9.1|1019.8096958503892|912.6079672917814|R_Astrodon_2018|2458664.0949537037|180.0|21.2252339798|2.39798047543|49.7288|1.31677470823
303|2019-06-29|KS1510-08-20190629@141959-R_Astrodon_2018.fts|KS1510-08|15 12 50.50|-09 06 00.0|228.21041666666665|-9.1|1020.6034045687444|913.7428790983913|R_Astrodon_2018|2458664.097210648|180.0|21.2394071308|2.2892432332|49.2554|1.32635554265
304|2019-06-29|L-Lacertae-20190629@150746-R_Astrodon_2018.fts|L-Lacertae|22 02 43.30|+42 16 40.0|330.68041666666664|42.27777777777778|1133.9607366603486|890.7670636263879|R_Astrodon_2018|2458664.1304282406|180.0|21.4284833676|2.9981009841|33.3674|1.79436987129
305|2019-06-29|L-Lacertae-20190629@151104-R_Astrodon_2018.fts|L-Lacertae|22 02 43.30|+42 16 40.0|330.68041666666664|42.27777777777778|1132.1192282516004|888.2606463916245|R_Astrodon_2018|2458664.1326851854|180.0|21.4360451556|2.74168031216|33.9697|1.76677222935
306|2019-06-29|Mkn421-20190629@134123-R_Astrodon_2018.fts|Mkn421|11 04 27.30|+38 12 32.0|166.11374999999998|38.20888888888889|1040.2182855395913|1114.5042748153337|R_Astrodon_2018|2458664.0704282406|180.0|21.2188400069|3.37583353519|23.7487|2.50822797071
307|2019-06-29|Mkn421-20190629@134440-R_Astrodon_2018.fts|Mkn421|11 04 27.30|+38 12 32.0|166.11374999999998|38.20888888888889|1040.5755020163817|1116.7364893458605|R_Astrodon_2018|2458664.0726851854|180.0|21.2361250352|3.10812526941|23.123|2.57311567521
308|2019-06-29|Mkn501-20190629@144427-R_Astrodon_2018.fts|Mkn501|16 53 52.20|+39 45 37.0|253.4675|39.76027777777778|1024.0805123717935|1022.6260807039457|R_Astrodon_2018|2458664.114201389|180.0|21.4370297355|2.38650856018|72.9582|1.04656151455
309|2019-06-29|Mkn501-20190629@144742-R_Astrodon_2018.fts|Mkn501|16 53 52.20|+39 45 37.0|253.4675|39.76027777777778|1024.5450148027728|1022.4842244987436|R_Astrodon_2018|2458664.116458333|180.0|21.42558868|2.34075402021|72.7437|1.0478974433
310|2019-06-29|ON231-20190629@135510-R_Astrodon_2018.fts|ON231|12 21 31.70|+28 13 59.0|185.3820833333333|28.233055555555556|1026.760430526225|1001.2036268941289|R_Astrodon_2018|2458664.079976852|180.0|21.307658845|3.29317764044|34.9035|1.76500246317
311|2019-06-29|ON231-20190629@135824-R_Astrodon_2018.fts|ON231|12 21 31.70|+28 13 59.0|185.3820833333333|28.233055555555556|1026.7138503094498|1005.1296935679691|R_Astrodon_2018|2458664.0822222224|180.0|21.3015985465|3.05933558941|34.2009|1.79755038014
312|2019-06-30|3C273-20190630@130433-R_Astrodon_2018.fts|3C273|12 29 06.70|+02 03 09.0|187.27791666666664|2.0524999999999998|983.4321557670177|1040.6255686246889|R_Astrodon_2018|2458665.0448611113|180.0|20.8037918338|2.71280030012|38.8245|1.61008520798
313|2019-06-30|3C273-20190630@130750-R_Astrodon_2018.fts|3C273|12 29 06.70|+02 03 09.0|187.27791666666664|2.0524999999999998|983.832025555153|1043.743686521061|R_Astrodon_2018|2458665.0471180556|180.0|20.8910626686|2.87939611673|38.1105|1.63602214726
314|2019-06-30|3C279-20190630@131146-R_Astrodon_2018.fts|3C279|12 56 11.10|-05 47 22.0|194.04624999999996|-5.789444444444444|1010.4696162820129|1023.2645551952489|R_Astrodon_2018|2458665.0498842592|180.0|21.2176853844|3.06781284809|38.7646|1.61124746725
315|2019-06-30|3C279-20190630@131503-R_Astrodon_2018.fts|3C279|12 56 11.10|-05 47 22.0|194.04624999999996|-5.789444444444444|1010.8894774664258|1025.5179962344369|R_Astrodon_2018|2458665.0521296295|180.0|18.8319624721|2.57610846758|38.1144|1.63500980129
316|2019-06-30|4C29-45-20190630@125022-R_Astrodon_2018.fts|4C29-45|11 59 31.80|+29 14 44.0|179.88249999999996|29.245555555555555|1023.2211963315756|952.224670602858|R_Astrodon_2018|2458665.035011574|180.0|21.4115260735|3.01003249884|43.5049|1.46399118152
317|2019-06-30|4C29-45-20190630@125339-R_Astrodon_2018.fts|4C29-45|11 59 31.80|+29 14 44.0|179.88249999999996|29.245555555555555|1022.8768372096164|956.246131946567|R_Astrodon_2018|2458665.0372685185|180.0|21.4050011047|2.99618362188|42.7977|1.48375287454
318|2019-06-30|4C71-07-20190630@122843-R_Astrodon_2018.fts|4C71-07|08 41 24.30|+70 53 42.0|130.35125|70.89500000000001|1021.0704372731029|1237.7244460709794|R_Astrodon_2018|2458665.019988426|180.0|21.3119266333|3.47568577528|20.175|2.89154741116
319|2019-06-30|4C71-07-20190630@123201-R_Astrodon_2018.fts|4C71-07|08 41 24.30|+70 53 42.0|130.35125|70.89500000000001|1020.8201725719083|1239.6587390757823|R_Astrodon_2018|2458665.0222453703|180.0|21.3204738148|3.36760944128|19.9163|2.92743401159
320|2019-06-30|Mkn421-20190630@124304-R_Astrodon_2018.fts|Mkn421|11 04 27.30|+38 12 32.0|166.11374999999998|38.20888888888889|1044.025127093967|1117.0766360733742|R_Astrodon_2018|2458665.0299421297|180.0|21.2751028885|3.43109214306|34.3408|1.78641833522
321|2019-06-30|Mkn421-20190630@124622-R_Astrodon_2018.fts|Mkn421|11 04 27.30|+38 12 32.0|166.11374999999998|38.20888888888889|1043.8062381462473|1120.9008999514172|R_Astrodon_2018|2458665.032199074|180.0|21.2839547441|3.11304577589|33.7027|1.81658593517
322|2019-06-30|ON231-20190630@125713-R_Astrodon_2018.fts|ON231|12 21 31.70|+28 13 59.0|185.3820833333333|28.233055555555556|1024.759537562142|1007.2137587389456|R_Astrodon_2018|2458665.0397453704|180.0|21.3169258667|3.22618149519|46.7198|1.38311694183
323|2019-06-30|ON231-20190630@130026-R_Astrodon_2018.fts|ON231|12 21 31.70|+28 13 59.0|185.3820833333333|28.233055555555556|1024.301350032336|1010.7703573546341|R_Astrodon_2018|2458665.0419791667|180.0|21.2898984996|3.14783639908|46.0124|1.39992343098
324|2019-06-30|S4_0954+65-20190630@123543-R_Astrodon_2018.fts|S4_0954+65|09 58 47.20|+65 33 55.0|149.69666666666666|65.56527777777778|1051.9730809716298|1180.6037120594406|R_Astrodon_2018|2458665.024814815|180.0|20.8505390312|3.16070381403|26.0301|2.28221892209
325|2019-06-30|S4_0954+65-20190630@123857-R_Astrodon_2018.fts|S4_0954+65|09 58 47.20|+65 33 55.0|149.69666666666666|65.56527777777778|1051.3327077110282|1182.5695437795325|R_Astrodon_2018|2458665.027060185|180.0|20.832197351|3.34484939575|25.6948|2.31019416574
326|2019-06-30|S5_0716+71-20190630@122128-R_Astrodon_2018.fts|S5_0716+71|07 21 53.40|+71 20 36.0|110.47249999999998|71.34333333333333|1023.074676039812|1026.6747533337339|R_Astrodon_2018|2458665.0149421296|180.0|21.2434450159|3.7834115386|14.9316|3.85791527479
327|2019-06-30|S5_0716+71-20190630@122445-R_Astrodon_2018.fts|S5_0716+71|07 21 53.40|+71 20 36.0|110.47249999999998|71.34333333333333|1025.7988995149792|1027.1351459158|R_Astrodon_2018|2458665.017199074|180.0|21.1923271051|4.00280742645|14.7065|3.91475797849
