ID|DateObs|Filename|Object|RA_hhmmss|DEC_ddmmss|RA_deg|DEC_deg|RA_pix|Dec_pix|FilterName|JD|ExpTime_sec|Zmag|FWHM|Altitude|Airmass
1|2019-05-10|3C273-20190510@131901-R_Astrodon_2018.fts|3C273|12 29 06.70|+02 03 09.0|187.27791666666664|2.0524999999999998|974.3184194345563|1098.0759917215898|R_Astrodon_2018|2458614.0549074076|180.0|21.2291041884|2.41692276001|68.5399|1.07527574721
2|2019-05-10|3C273-20190510@132218-R_Astrodon_2018.fts|3C273|12 29 06.70|+02 03 09.0|187.27791666666664|2.0524999999999998|976.4155663680156|1095.6667616484688|R_Astrodon_2018|2458614.057164352|180.0|21.2196883215|2.22038162351|68.4749|1.07589550208
3|2019-05-10|3C273-20190510@172221-R_Astrodon_2018.fts|3C273|12 29 06.70|+02 03 09.0|187.27791666666664|2.0524999999999998|993.7214073426462|1031.5751914748664|R_Astrodon_2018|2458614.223923611|180.0|20.9646902787|2.40490269661|26.0099|2.31254561663
4|2019-05-10|3C273-20190510@172541-R_Astrodon_2018.fts|3C273|12 29 06.70|+02 03 09.0|187.27791666666664|2.0524999999999998|994.8626230775242|1032.8823347884638|R_Astrodon_2018|2458614.2261689813|180.0|20.9448552592|2.63029062748|25.2766|2.37657114554
5|2019-05-10|3C279-20190510@132815-R_Astrodon_2018.fts|3C279|12 56 11.10|-05 47 22.0|194.04624999999996|-5.789444444444444|1021.0186076083337|1025.833470668308|R_Astrodon_2018|2458614.0613194443|180.0|21.3072815704|2.980316782|60.5922|1.14813706364
6|2019-05-10|3C279-20190510@133132-R_Astrodon_2018.fts|3C279|12 56 11.10|-05 47 22.0|194.04624999999996|-5.789444444444444|1019.7331743397217|1029.0847363478808|R_Astrodon_2018|2458614.0635648146|180.0|21.3508687703|2.51053893566|60.6614|1.14751005412
7|2019-05-10|3C279-20190510@172939-R_Astrodon_2018.fts|3C279|12 56 11.10|-05 47 22.0|194.04624999999996|-5.789444444444444|1015.3777317203109|1014.362113615512|R_Astrodon_2018|2458614.2289583334|180.0|21.0613135817|2.73687828779|26.7717|2.24954590681
8|2019-05-10|3C279-20190510@173255-R_Astrodon_2018.fts|3C279|12 56 11.10|-05 47 22.0|194.04624999999996|-5.789444444444444|1016.8482479066613|1015.4578136300274|R_Astrodon_2018|2458614.2312037037|180.0|21.039088246|2.55647082329|26.0721|2.30677156265
9|2019-05-10|3C345-20190510@135654-R_Astrodon_2018.fts|3C345|16 42 58.80|+39 48 37.0|250.74499999999995|39.81027777777778|1024.527924625618|1042.8796272243362|R_Astrodon_2018|2458614.0811805557|180.0|20.8938405452|2.32336344719|43.1017|1.44895765877
10|2019-05-10|3C345-20190510@140008-R_Astrodon_2018.fts|3C345|16 42 58.80|+39 48 37.0|250.74499999999995|39.81027777777778|1023.4039306548872|1041.3729365064437|R_Astrodon_2018|2458614.0834375|180.0|20.8924608194|2.28228054047|43.7258|1.4326281572
11|2019-05-10|3C345-20190510@175901-R_Astrodon_2018.fts|3C345|16 42 58.80|+39 48 37.0|250.74499999999995|39.81027777777778|1025.341943921467|1021.0325356971935|R_Astrodon_2018|2458614.2493171296|180.0|20.9361625721|2.13872475028|72.2731|1.0507507435
12|2019-05-10|3C345-20190510@180214-R_Astrodon_2018.fts|3C345|16 42 58.80|+39 48 37.0|250.74499999999995|39.81027777777778|1025.4027754034894|1021.0085902523996|R_Astrodon_2018|2458614.2515625|180.0|20.9362250733|2.12534126043|71.9968|1.05251578451
13|2019-05-10|3C371-20190510@141817-R_Astrodon_2018.fts|3C371|18 06 50.70|+69 49 28.0|271.71124999999995|69.82444444444444|1020.5639612288235|1107.3847286352384|R_Astrodon_2018|2458614.096064815|180.0|21.2988493277|2.54858213663|29.4402|2.00942537514
14|2019-05-10|3C371-20190510@183515-R_Astrodon_2018.fts|3C371|18 06 50.70|+69 49 28.0|271.71124999999995|69.82444444444444|1024.3080656848697|1027.6279845160284|R_Astrodon_2018|2458614.274513889|180.0|21.3598350564|2.36176348329|43.5908|1.44796710237
15|2019-05-10|3C454-3-20190510@184958-R_Astrodon_2018.fts|3C454-3|22 53 57.70|+16 08 54.0|343.49041666666665|16.148333333333333|1021.8695614841378|1040.5059820777778|R_Astrodon_2018|2458614.284699074|180.0|20.4870450454|2.81927298307|22.6644|2.52386195086
16|2019-05-10|3C454-3-20190510@185312-R_Astrodon_2018.fts|3C454-3|22 53 57.70|+16 08 54.0|343.49041666666665|16.148333333333333|1022.3251909479601|1038.9885549859002|R_Astrodon_2018|2458614.2869560183|180.0|20.5129858497|2.80282281637|23.4039|2.45067180079
17|2019-05-10|4C29-45-20190510@125516-R_Astrodon_2018.fts|4C29-45|11 59 31.80|+29 14 44.0|179.88249999999996|29.245555555555555|1001.2866729496338|1029.6716064323737|R_Astrodon_2018|2458614.0384143516|180.0|21.466576528|2.25438121557|83.6809|1.00633568142
18|2019-05-10|4C29-45-20190510@125833-R_Astrodon_2018.fts|4C29-45|11 59 31.80|+29 14 44.0|179.88249999999996|29.245555555555555|1001.7162443305274|1028.788586713634|R_Astrodon_2018|2458614.0406712964|180.0|21.4490224924|2.40497338772|83.3518|1.00710102128
19|2019-05-10|4C29-45-20190510@170809-R_Astrodon_2018.fts|4C29-45|11 59 31.80|+29 14 44.0|179.88249999999996|29.245555555555555|1024.1537122134025|942.0398538432361|R_Astrodon_2018|2458614.214027778|180.0|21.3073457973|2.4406462431|31.1216|1.95671620903
20|2019-05-10|4C29-45-20190510@171126-R_Astrodon_2018.fts|4C29-45|11 59 31.80|+29 14 44.0|179.88249999999996|29.245555555555555|1024.294977901047|944.7723811355107|R_Astrodon_2018|2458614.216284722|180.0|21.3110290974|2.45818221569|30.4247|1.99765012354
21|2019-05-10|4C38-41-20190510@135007-R_Astrodon_2018.fts|4C38-41|16 35 15.50|+38 08 04.0|248.81458333333327|38.13444444444444|1025.8951027396922|1039.2374889891366|R_Astrodon_2018|2458614.0764814815|180.0|21.1706716672|2.3975022316|43.38|1.44152218535
22|2019-05-10|4C38-41-20190510@135321-R_Astrodon_2018.fts|4C38-41|16 35 15.50|+38 08 04.0|248.81458333333327|38.13444444444444|1024.9150442109672|1037.7823595251461|R_Astrodon_2018|2458614.078726852|180.0|21.166814712|2.38818266392|44.0167|1.42505951121
23|2019-05-10|4C38-41-20190510@175213-R_Astrodon_2018.fts|4C38-41|16 35 15.50|+38 08 04.0|248.81458333333327|38.13444444444444|1023.1278902035225|1020.9582655050305|R_Astrodon_2018|2458614.2445949074|180.0|21.2106600997|2.16489113569|73.6906|1.04288922468
24|2019-05-10|4C38-41-20190510@175527-R_Astrodon_2018.fts|4C38-41|16 35 15.50|+38 08 04.0|248.81458333333327|38.13444444444444|1023.2344742688499|1020.8376384284181|R_Astrodon_2018|2458614.2468402777|180.0|21.2330457972|2.10819863677|73.3764|1.04471139281
25|2019-05-10|4C51-37-20190510@141055-R_Astrodon_2018.fts|4C51-37|17 40 37.00|+52 11 43.0|265.15416666666664|52.195277777777775|1033.8615608665102|1100.6208741618675|R_Astrodon_2018|2458614.090949074|180.0|21.4456675464|2.59724746943|34.4718|1.74388357679
26|2019-05-10|4C51-37-20190510@141413-R_Astrodon_2018.fts|4C51-37|17 40 37.00|+52 11 43.0|265.15416666666664|52.195277777777775|1032.8848066148369|1099.5274962346675|R_Astrodon_2018|2458614.0932175927|180.0|21.4336658333|2.63838080168|34.9711|1.7225939993
27|2019-05-10|4C51-37-20190510@181450-R_Astrodon_2018.fts|4C51-37|17 40 37.00|+52 11 43.0|265.15416666666664|52.195277777777775|1024.7056867407323|1026.6745953184748|R_Astrodon_2018|2458614.260335648|180.0|21.4896398964|2.1958810091|61.2193|1.14014091994
28|2019-05-10|4C51-37-20190510@182917-R_Astrodon_2018.fts|4C51-37|17 40 37.00|+52 11 43.0|265.15416666666664|52.195277777777775|1020.2713138050802|1023.9736620723928|R_Astrodon_2018|2458614.2703703702|180.0|21.5055962626|2.2554902792|61.2555|1.14028514014
29|2019-05-10|4C71-07-20190510@123242-R_Astrodon_2018.fts|4C71-07|08 41 24.30|+70 53 42.0|130.35125|70.89500000000001|1102.8647362069114|1047.2936861438043|R_Astrodon_2018|2458614.0227430556|180.0|21.4994531586|3.11151866913|35.5971|1.71615563472
30|2019-05-10|4C71-07-20190510@123600-R_Astrodon_2018.fts|4C71-07|08 41 24.30|+70 53 42.0|130.35125|70.89500000000001|1101.9129249939838|1048.9021088521863|R_Astrodon_2018|2458614.025011574|180.0|21.5208418625|2.67368512154|35.3757|1.72556751253
31|2019-05-10|CTA102-20190510@184306-R_Astrodon_2018.fts|CTA102|22 32 36.40|+11 43 51.0|338.15166666666664|11.730833333333333|1138.7950316712306|867.3670251012728|R_Astrodon_2018|2458614.2799652778|180.0|20.8342173547|3.04423029423|24.4763|2.35465160129
32|2019-05-10|CTA102-20190510@184624-R_Astrodon_2018.fts|CTA102|22 32 36.40|+11 43 51.0|338.15166666666664|11.730833333333333|1137.8341502275885|865.4835477503772|R_Astrodon_2018|2458614.282222222|180.0|20.8969507759|2.6667195797|25.2229|2.29131143793
33|2019-05-10|DA406-20190510@134315-R_Astrodon_2018.fts|DA406|16 13 41.00|+34 12 48.0|243.42083333333326|34.21333333333334|992.8257929850699|1042.1789978309746|R_Astrodon_2018|2458614.0717361113|180.0|21.3287743076|2.31401146054|46.4742|1.36661939515
34|2019-05-10|DA406-20190510@134633-R_Astrodon_2018.fts|DA406|16 13 41.00|+34 12 48.0|243.42083333333326|34.21333333333334|992.3747607051193|1040.2459672506752|R_Astrodon_2018|2458614.0739930556|180.0|21.3084362226|2.37646671534|47.1478|1.3518576414
35|2019-05-10|DA406-20190510@174439-R_Astrodon_2018.fts|DA406|16 13 41.00|+34 12 48.0|243.42083333333326|34.21333333333334|1096.7462341062464|926.2946055105148|R_Astrodon_2018|2458614.239375|180.0|21.3485548551|2.31854604483|75.0741|1.0364651355
36|2019-05-10|DA406-20190510@174757-R_Astrodon_2018.fts|DA406|16 13 41.00|+34 12 48.0|243.42083333333326|34.21333333333334|1096.0664458471983|927.2963722419563|R_Astrodon_2018|2458614.2416319447|180.0|21.3558188258|2.13298707008|74.5723|1.0390729034
37|2019-05-10|ES2344+514-20190510@190442-R_Astrodon_2018.fts|ES2344+514|23 47 04.00|+51 42 18.0|356.76666666666665|51.705000000000005|1067.2675530257688|1128.620411892199|R_Astrodon_2018|2458614.294965278|180.0|21.4441235609|2.60160485506|23.4177|2.4643955228
38|2019-05-10|KS1510-08-20190510@133542-R_Astrodon_2018.fts|KS1510-08|15 12 50.50|-09 06 00.0|228.21041666666665|-9.1|1047.807322948823|1027.3282614118914|R_Astrodon_2018|2458614.066493056|180.0|21.1410783475|2.46333502531|42.5261|1.46850937821
39|2019-05-10|KS1510-08-20190510@133859-R_Astrodon_2018.fts|KS1510-08|15 12 50.50|-09 06 00.0|228.21041666666665|-9.1|1047.298575784678|1026.3802663088513|R_Astrodon_2018|2458614.06875|180.0|21.1478619076|2.28086947203|43.102|1.45298146936
40|2019-05-10|KS1510-08-20190510@173705-R_Astrodon_2018.fts|KS1510-08|15 12 50.50|-09 06 00.0|228.21041666666665|-9.1|1010.1409946012753|914.8238448247936|R_Astrodon_2018|2458614.2341203704|180.0|21.1487002548|2.35254533291|49.1729|1.32801778208
41|2019-05-10|KS1510-08-20190510@174023-R_Astrodon_2018.fts|KS1510-08|15 12 50.50|-09 06 00.0|228.21041666666665|-9.1|1010.9578178080028|915.6148754170212|R_Astrodon_2018|2458614.2363773147|180.0|21.1477416841|2.26200646162|48.6879|1.338148482
42|2019-05-10|L-Lacertae-20190510@185719-R_Astrodon_2018.fts|L-Lacertae|22 02 43.30|+42 16 40.0|330.68041666666664|42.27777777777778|981.9732084292314|998.8451124147673|R_Astrodon_2018|2458614.289849537|180.0|21.3757804758|2.33560937643|39.4812|1.55641596905
43|2019-05-10|L-Lacertae-20190510@190037-R_Astrodon_2018.fts|L-Lacertae|22 02 43.30|+42 16 40.0|330.68041666666664|42.27777777777778|981.5241148655681|997.473823637547|R_Astrodon_2018|2458614.2920949073|180.0|21.3774372846|2.09917722344|40.08|1.5372084773
44|2019-05-10|Mkn421-20190510@124706-R_Astrodon_2018.fts|Mkn421|11 04 27.30|+38 12 32.0|166.11374999999998|38.20888888888889|1050.5738021134473|865.423520043076|R_Astrodon_2018|2458614.0327430554|180.0|21.4058243531|2.72722072601|70.7126|1.06083105735
45|2019-05-10|Mkn421-20190510@125023-R_Astrodon_2018.fts|Mkn421|11 04 27.30|+38 12 32.0|166.11374999999998|38.20888888888889|1051.7998679991335|866.5344192515464|R_Astrodon_2018|2458614.034988426|180.0|21.3736004377|3.37762868404|70.2603|1.06394160358
46|2019-05-10|Mkn421-20190510@170053-R_Astrodon_2018.fts|Mkn421|11 04 27.30|+38 12 32.0|166.11374999999998|38.20888888888889|1023.2775810183801|1023.578613603451|R_Astrodon_2018|2458614.2089814814|180.0|21.1357632211|3.28416152596|23.1854|2.56757815594
47|2019-05-10|Mkn421-20190510@170409-R_Astrodon_2018.fts|Mkn421|11 04 27.30|+38 12 32.0|166.11374999999998|38.20888888888889|1023.7417754552449|1025.0424205409734|R_Astrodon_2018|2458614.2112268517|180.0|21.1251519388|2.9526442647|22.5638|2.63563966086
48|2019-05-10|Mkn501-20190510@140341-R_Astrodon_2018.fts|Mkn501|16 53 52.20|+39 45 37.0|253.4675|39.76027777777778|1026.6771360690161|1045.8413228668962|R_Astrodon_2018|2458614.085902778|180.0|21.3557066713|2.25285189152|42.3243|1.46999221161
49|2019-05-10|Mkn501-20190510@140655-R_Astrodon_2018.fts|Mkn501|16 53 52.20|+39 45 37.0|253.4675|39.76027777777778|1025.6882009368442|1044.2812778097423|R_Astrodon_2018|2458614.0881481483|180.0|21.3577022194|2.2055996716|42.9462|1.4529346006
50|2019-05-10|Mkn501-20190510@180548-R_Astrodon_2018.fts|Mkn501|16 53 52.20|+39 45 37.0|253.4675|39.76027777777778|1023.221258073157|1021.0529464088276|R_Astrodon_2018|2458614.254039352|180.0|21.391809552|2.25482571125|72.6345|1.04854069005
51|2019-05-10|Mkn501-20190510@180902-R_Astrodon_2018.fts|Mkn501|16 53 52.20|+39 45 37.0|253.4675|39.76027777777778|1023.3984288191134|1020.8850249004988|R_Astrodon_2018|2458614.256284722|180.0|21.3977960364|2.21983252764|72.3856|1.05010531361
52|2019-05-10|ON231-20190510@131134-R_Astrodon_2018.fts|ON231|12 21 31.70|+28 13 59.0|185.3820833333333|28.233055555555556|1021.7876465470721|1023.5075834275366|R_Astrodon_2018|2458614.049733796|180.0|21.3222662237|2.48512502909|85.0611|1.00379745234
53|2019-05-10|ON231-20190510@131452-R_Astrodon_2018.fts|ON231|12 21 31.70|+28 13 59.0|185.3820833333333|28.233055555555556|1022.2781427791986|1023.0096943392166|R_Astrodon_2018|2458614.052002315|180.0|21.3170314559|2.37704634666|84.8181|1.00428316237
54|2019-05-10|ON231-20190510@171501-R_Astrodon_2018.fts|ON231|12 21 31.70|+28 13 59.0|185.3820833333333|28.233055555555556|1023.7095467688715|1001.3858655546069|R_Astrodon_2018|2458614.218761574|180.0|21.2102123681|2.57626459599|34.1954|1.79724575356
55|2019-05-10|ON231-20190510@171815-R_Astrodon_2018.fts|ON231|12 21 31.70|+28 13 59.0|185.3820833333333|28.233055555555556|1023.6957176462294|1004.5039229673076|R_Astrodon_2018|2458614.2210069443|180.0|21.2152621546|2.75879085064|33.4935|1.83105532949
56|2019-05-10|S4_0954+65-20190510@123943-R_Astrodon_2018.fts|S4_0954+65|09 58 47.20|+65 33 55.0|149.69666666666666|65.56527777777778|1099.9147544051048|981.6916854340343|R_Astrodon_2018|2458614.0275925924|180.0|21.0446845308|2.45401694775|43.947|1.44020558241
57|2019-05-10|S4_0954+65-20190510@124258-R_Astrodon_2018.fts|S4_0954+65|09 58 47.20|+65 33 55.0|149.69666666666666|65.56527777777778|1099.1885460461983|983.0723332335344|R_Astrodon_2018|2458614.029849537|180.0|21.0282979781|2.50103099346|43.7356|1.44585949446
58|2019-05-10|S4_0954+65-20190510@165618-R_Astrodon_2018.fts|S4_0954+65|09 58 47.20|+65 33 55.0|149.69666666666666|65.56527777777778|1677.2949900618119|1158.3650049556309|R_Astrodon_2018|2458614.205763889|180.0|20.6859293814|2.99321302176|19.8586|2.94532861095
59|2019-05-10|S5_0716+71-20190510@122527-R_Astrodon_2018.fts|S5_0716+71|07 21 53.40|+71 20 36.0|110.47249999999998|71.34333333333333|1085.000353798052|1109.1120111741131|R_Astrodon_2018|2458614.017719907|180.0|21.4621669574|2.90418051332|30.1496|1.98839710708
60|2019-05-10|S5_0716+71-20190510@122845-R_Astrodon_2018.fts|S5_0716+71|07 21 53.40|+71 20 36.0|110.47249999999998|71.34333333333333|1083.8211348345797|1109.866308920836|R_Astrodon_2018|2458614.019965278|180.0|21.4390670837|3.08564069271|29.9002|2.00353730417
61|2019-05-11|3C273-20190511@150936-R_Astrodon_2018.fts|3C273|12 29 06.70|+02 03 09.0|187.27791666666664|2.0524999999999998|980.8503188611638|1064.97210557542|R_Astrodon_2018|2458615.131701389|180.0|21.1732157773|2.4106525898|53.8169|1.24570180662
62|2019-05-11|3C273-20190511@151253-R_Astrodon_2018.fts|3C273|12 29 06.70|+02 03 09.0|187.27791666666664|2.0524999999999998|982.4780936153636|1066.407983348854|R_Astrodon_2018|2458615.133958333|180.0|21.1798225915|2.23812469244|53.179|1.25624717222
63|2019-05-11|3C279-20190511@151649-R_Astrodon_2018.fts|3C279|12 56 11.10|-05 47 22.0|194.04624999999996|-5.789444444444444|1010.526860489916|1038.7133241523643|R_Astrodon_2018|2458615.1367245372|180.0|21.2893441973|2.3793087244|51.7922|1.27892878945
64|2019-05-11|3C279-20190511@152006-R_Astrodon_2018.fts|3C279|12 56 11.10|-05 47 22.0|194.04624999999996|-5.789444444444444|1012.161670810295|1039.553827408142|R_Astrodon_2018|2458615.1389699075|180.0|21.2626877005|2.48013658524|51.2788|1.28831873941
65|2019-05-11|3C345-20190511@154724-R_Astrodon_2018.fts|3C345|16 42 58.80|+39 48 37.0|250.74499999999995|39.81027777777778|1021.9261187105826|1033.0792599880772|R_Astrodon_2018|2458615.157928241|180.0|20.9677937576|2.14089467525|64.0677|1.10781276851
66|2019-05-11|3C345-20190511@155038-R_Astrodon_2018.fts|3C345|16 42 58.80|+39 48 37.0|250.74499999999995|39.81027777777778|1021.4277307964612|1033.4551448238594|R_Astrodon_2018|2458615.1601620372|180.0|20.9586295094|2.17172811031|64.5901|1.1030433993
67|2019-05-11|3C371-20190511@160847-R_Astrodon_2018.fts|3C371|18 06 50.70|+69 49 28.0|271.71124999999995|69.82444444444444|1016.6726578627924|1106.5987880787727|R_Astrodon_2018|2458615.172800926|180.0|21.3724546458|2.84109807014|38.1722|1.60723397627
68|2019-05-11|4C29-45-20190511@145523-R_Astrodon_2018.fts|4C29-45|11 59 31.80|+29 14 44.0|179.88249999999996|29.245555555555555|1013.4322233454473|976.8132698744208|R_Astrodon_2018|2458615.1218287037|180.0|21.4436919266|2.45334792137|59.1403|1.17020290242
69|2019-05-11|4C29-45-20190511@145839-R_Astrodon_2018.fts|4C29-45|11 59 31.80|+29 14 44.0|179.88249999999996|29.245555555555555|1013.7406797237544|978.9467848560131|R_Astrodon_2018|2458615.124074074|180.0|21.4279014747|2.33894451857|58.4337|1.17919061482
70|2019-05-11|4C38-41-20190511@154034-R_Astrodon_2018.fts|4C38-41|16 35 15.50|+38 08 04.0|248.81458333333327|38.13444444444444|1023.9397253195729|1029.79409752126|R_Astrodon_2018|2458615.1531828702|180.0|21.2311807842|2.12069147825|65.0653|1.09868985524
71|2019-05-11|4C38-41-20190511@154349-R_Astrodon_2018.fts|4C38-41|16 35 15.50|+38 08 04.0|248.81458333333327|38.13444444444444|1023.2902735617854|1029.8001341828174|R_Astrodon_2018|2458615.155439815|180.0|21.2309541149|2.2380308032|65.6215|1.09391657403
72|2019-05-11|4C51-37-20190511@160126-R_Astrodon_2018.fts|4C51-37|17 40 37.00|+52 11 43.0|265.15416666666664|52.195277777777775|1024.7496704496427|1074.1126320822586|R_Astrodon_2018|2458615.167696759|180.0|21.5197315878|2.5197896719|50.9505|1.28036450766
73|2019-05-11|4C51-37-20190511@160443-R_Astrodon_2018.fts|4C51-37|17 40 37.00|+52 11 43.0|265.15416666666664|52.195277777777775|1024.0106881910242|1073.5309465292758|R_Astrodon_2018|2458615.1699421294|180.0|21.5190653417|2.5332911849|51.3605|1.27314496278
74|2019-05-11|4C71-07-20190511@134448-R_Astrodon_2018.fts|4C71-07|08 41 24.30|+70 53 42.0|130.35125|70.89500000000001|1021.5405703822207|1025.592249369792|R_Astrodon_2018|2458615.0728125|180.0|19.6899768353|3.58792878389|29.9609|2.00226870507
75|2019-05-11|4C71-07-20190511@134805-R_Astrodon_2018.fts|4C71-07|08 41 24.30|+70 53 42.0|130.35125|70.89500000000001|1020.6284682111124|1027.2286863081658|R_Astrodon_2018|2458615.0750578702|180.0|21.2262763267|3.61401683092|29.7042|2.01812114288
76|2019-05-11|DA406-20190511@153339-R_Astrodon_2018.fts|DA406|16 13 41.00|+34 12 48.0|243.42083333333326|34.21333333333334|971.8141738121464|999.1390823173236|R_Astrodon_2018|2458615.1484375|180.0|21.358819895|2.22997974753|69.526|1.06411680749
77|2019-05-11|DA406-20190511@153659-R_Astrodon_2018.fts|DA406|16 13 41.00|+34 12 48.0|243.42083333333326|34.21333333333334|971.7646912259733|999.1686205355844|R_Astrodon_2018|2458615.1506828703|180.0|21.3525673672|2.18578976393|70.1231|1.06015977054
78|2019-05-11|DA406-20190511@200459-R_Astrodon_2018.fts|DA406|16 13 41.00|+34 12 48.0|243.42083333333326|34.21333333333334|1094.915507252661|900.4809189523061|R_Astrodon_2018|2458615.3368171295|180.0|21.3901904611|2.54534475803|46.9895|1.37778748148
79|2019-05-11|DA406-20190511@200817-R_Astrodon_2018.fts|DA406|16 13 41.00|+34 12 48.0|243.42083333333326|34.21333333333334|1094.3335434680318|904.1741461868743|R_Astrodon_2018|2458615.3390972223|180.0|21.3788574759|2.330027771|46.309|1.3936511709
80|2019-05-11|KS1510-08-20190511@152608-R_Astrodon_2018.fts|KS1510-08|15 12 50.50|-09 06 00.0|228.21041666666665|-9.1|1019.3383237947927|1026.4069127057655|R_Astrodon_2018|2458615.1431828705|180.0|21.1720802937|2.7394972682|56.7861|1.19434519794
81|2019-05-11|KS1510-08-20190511@152925-R_Astrodon_2018.fts|KS1510-08|15 12 50.50|-09 06 00.0|228.21041666666665|-9.1|1017.7198515549256|1029.518951692329|R_Astrodon_2018|2458615.1454282408|180.0|21.1844565819|2.60882217884|56.9324|1.19251363539
82|2019-05-11|KS1510-08-20190511@195734-R_Astrodon_2018.fts|KS1510-08|15 12 50.50|-09 06 00.0|228.21041666666665|-9.1|1023.6060656323002|1022.461886681694|R_Astrodon_2018|2458615.3316782406|180.0|21.0136054863|2.6377904892|21.7671|2.73472977778
83|2019-05-11|KS1510-08-20190511@200052-R_Astrodon_2018.fts|KS1510-08|15 12 50.50|-09 06 00.0|228.21041666666665|-9.1|1025.2854659486313|1022.6677528483394|R_Astrodon_2018|2458615.3339351853|180.0|20.9943766447|2.72357221842|21.0686|2.82234438348
84|2019-05-11|Mkn421-20190511@144806-R_Astrodon_2018.fts|Mkn421|11 04 27.30|+38 12 32.0|166.11374999999998|38.20888888888889|993.0904694343782|858.6998736565777|R_Astrodon_2018|2458615.1167708333|180.0|21.3186309862|3.55809483528|48.4101|1.34466826414
85|2019-05-11|Mkn421-20190511@145123-R_Astrodon_2018.fts|Mkn421|11 04 27.30|+38 12 32.0|166.11374999999998|38.20888888888889|993.6543120172481|860.911812728133|R_Astrodon_2018|2458615.1190162036|180.0|21.3270014625|3.49212192297|47.7777|1.3584046772
86|2019-05-11|Mkn501-20190511@155413-R_Astrodon_2018.fts|Mkn501|16 53 52.20|+39 45 37.0|253.4675|39.76027777777778|1024.5575807606926|1033.6833931230917|R_Astrodon_2018|2458615.162650463|180.0|21.4042815932|2.19617362022|63.424|1.11378577536
87|2019-05-11|Mkn501-20190511@155726-R_Astrodon_2018.fts|Mkn501|16 53 52.20|+39 45 37.0|253.4675|39.76027777777778|1023.934743149112|1033.8593584875498|R_Astrodon_2018|2458615.1648958335|180.0|21.3998678007|2.31741489172|63.9585|1.10874756876
88|2019-05-11|ON231-20190511@150213-R_Astrodon_2018.fts|ON231|12 21 31.70|+28 13 59.0|185.3820833333333|28.233055555555556|1022.1733486084912|1013.122045260287|R_Astrodon_2018|2458615.126550926|180.0|21.350101542|2.47823582292|62.5144|1.13168664179
89|2019-05-11|ON231-20190511@150526-R_Astrodon_2018.fts|ON231|12 21 31.70|+28 13 59.0|185.3820833333333|28.233055555555556|1022.5579157104519|1015.0430246028064|R_Astrodon_2018|2458615.128784722|180.0|21.3331642343|2.73042458296|61.8048|1.13933786228
90|2019-05-11|S4_0954+65-20190511@135146-R_Astrodon_2018.fts|S4_0954+65|09 58 47.20|+65 33 55.0|149.69666666666666|65.56527777777778|1078.0368562522444|1096.7812622335318|R_Astrodon_2018|2458615.0776273147|180.0|19.2987240535|3.4243206501|37.9919|1.62540460453
91|2019-05-11|S4_0954+65-20190511@144355-R_Astrodon_2018.fts|S4_0954+65|09 58 47.20|+65 33 55.0|149.69666666666666|65.56527777777778|1020.8268599259438|1058.6445434927687|R_Astrodon_2018|2458615.1138657406|180.0|20.8559971556|3.13161486387|33.023|1.83690695698
92|2019-05-11|S5_0716+71-20190511@133647-R_Astrodon_2018.fts|S5_0716+71|07 21 53.40|+71 20 36.0|110.47249999999998|71.34333333333333|1039.450293391562|1219.2893869016054|R_Astrodon_2018|2458615.0672569443|180.0|21.3800848529|3.67982553244|24.1851|2.43508484328
93|2019-05-11|S5_0716+71-20190511@134004-R_Astrodon_2018.fts|S5_0716+71|07 21 53.40|+71 20 36.0|110.47249999999998|71.34333333333333|1039.2089398237931|1219.5859005470793|R_Astrodon_2018|2458615.069502315|180.0|21.1210543354|3.90991430283|23.926|2.45996775621
94|2019-05-12|3C273-20190512@143904-R_Astrodon_2018.fts|3C273|12 29 06.70|+02 03 09.0|187.27791666666664|2.0524999999999998|979.2319640980327|1071.0220468984182|R_Astrodon_2018|2458616.110497685|180.0|19.8069421663|2.84506800175|58.7816|1.17430480069
95|2019-05-12|3C273-20190512@144221-R_Astrodon_2018.fts|3C273|12 29 06.70|+02 03 09.0|187.27791666666664|2.0524999999999998|980.6955810223005|1072.1440561811908|R_Astrodon_2018|2458616.1127546295|180.0|19.8137221162|2.70548757315|58.2034|1.18177256751
96|2019-05-12|3C279-20190512@144618-R_Astrodon_2018.fts|3C279|12 56 11.10|-05 47 22.0|194.04624999999996|-5.789444444444444|1009.8565313038961|1045.6466009560315|R_Astrodon_2018|2458616.1155208335|180.0|19.9451669663|2.75729234219|55.6147|1.21630250989
97|2019-05-12|3C279-20190512@144935-R_Astrodon_2018.fts|3C279|12 56 11.10|-05 47 22.0|194.04624999999996|-5.789444444444444|1011.4255637995582|1045.3429780101242|R_Astrodon_2018|2458616.117777778|180.0|19.9275632244|2.76301641464|55.1903|1.22275072517
98|2019-05-12|3C345-20190512@151653-R_Astrodon_2018.fts|3C345|16 42 58.80|+39 48 37.0|250.74499999999995|39.81027777777778|1021.8731935529865|1037.015381074847|R_Astrodon_2018|2458616.1367245372|180.0|19.6313695397|3.02942671776|59.5233|1.15463868384
99|2019-05-12|3C345-20190512@152006-R_Astrodon_2018.fts|3C345|16 42 58.80|+39 48 37.0|250.74499999999995|39.81027777777778|1021.0566563626655|1036.884653016185|R_Astrodon_2018|2458616.1389699075|180.0|19.6149385766|3.02198243141|60.0935|1.14807661719
100|2019-05-12|3C371-20190512@153919-R_Astrodon_2018.fts|3C371|18 06 50.70|+69 49 28.0|271.71124999999995|69.82444444444444|1015.3585754224798|1107.9747564785268|R_Astrodon_2018|2458616.1523379628|180.0|20.0220112796|3.25747698545|36.4473|1.67023698804
101|2019-05-12|3C454-3-20190512@193744-R_Astrodon_2018.fts|3C454-3|22 53 57.70|+16 08 54.0|343.49041666666665|16.148333333333333|1024.568391040732|1037.3755274674559|R_Astrodon_2018|2458616.3178703706|180.0|19.4025653711|3.40824905634|35.3809|1.70135056386
102|2019-05-12|3C454-3-20190512@194058-R_Astrodon_2018.fts|3C454-3|22 53 57.70|+16 08 54.0|343.49041666666665|16.148333333333333|1024.6881839425769|1035.1152902872652|R_Astrodon_2018|2458616.320127315|180.0|19.4040023958|3.09361104965|36.1269|1.67136755238
103|2019-05-12|4C29-45-20190512@142451-R_Astrodon_2018.fts|4C29-45|11 59 31.80|+29 14 44.0|179.88249999999996|29.245555555555555|1010.7458242648265|986.0864057871256|R_Astrodon_2018|2458616.100625|180.0|20.0554731862|2.63813509941|64.9379|1.10783136608
104|2019-05-12|4C29-45-20190512@142808-R_Astrodon_2018.fts|4C29-45|11 59 31.80|+29 14 44.0|179.88249999999996|29.245555555555555|1011.6009099920741|987.6765086004863|R_Astrodon_2018|2458616.1028819443|180.0|20.0527228931|2.62234662771|64.2318|1.11449944198
105|2019-05-12|4C38-41-20190512@151006-R_Astrodon_2018.fts|4C38-41|16 35 15.50|+38 08 04.0|248.81458333333327|38.13444444444444|1023.8722531921952|1033.9207674721376|R_Astrodon_2018|2458616.132025463|180.0|19.8995449605|2.54349764585|60.3201|1.14542167327
106|2019-05-12|4C38-41-20190512@151321-R_Astrodon_2018.fts|4C38-41|16 35 15.50|+38 08 04.0|248.81458333333327|38.13444444444444|1023.0601835961913|1033.4124636168287|R_Astrodon_2018|2458616.1342824074|180.0|19.9050839929|2.63325045109|60.9173|1.13884704945
107|2019-05-12|4C51-37-20190512@153159-R_Astrodon_2018.fts|4C51-37|17 40 37.00|+52 11 43.0|265.15416666666664|52.195277777777775|1024.7720771384304|1070.8346297357423|R_Astrodon_2018|2458616.1472569443|180.0|20.1880971013|3.03445649147|47.5646|1.34561139306
108|2019-05-12|4C51-37-20190512@153517-R_Astrodon_2018.fts|4C51-37|17 40 37.00|+52 11 43.0|265.15416666666664|52.195277777777775|1023.8659385849503|1069.8594877664127|R_Astrodon_2018|2458616.149513889|180.0|20.1875268051|3.1962459445|48.0096|1.33632341826
109|2019-05-12|4C71-07-20190512@125837-R_Astrodon_2018.fts|4C71-07|08 41 24.30|+70 53 42.0|130.35125|70.89500000000001|1110.6874219331016|1075.8262240395038|R_Astrodon_2018|2458616.040740741|180.0|19.7620055836|4.01947031021|33.2055|1.82428812061
110|2019-05-12|4C71-07-20190512@130156-R_Astrodon_2018.fts|4C71-07|08 41 24.30|+70 53 42.0|130.35125|70.89500000000001|130.35125|70.89500000000001|R_Astrodon_2018|2458616.0430092593|180.0|-9999|-9999|32.9634|1.8362386208
111|2019-05-12|CTA102-20190512@193051-R_Astrodon_2018.fts|CTA102|22 32 36.40|+11 43 51.0|338.15166666666664|11.730833333333333|987.2087223830965|946.4042819673416|R_Astrodon_2018|2458616.313125|180.0|19.7535168781|2.63268024921|37.2594|1.62937765219
112|2019-05-12|CTA102-20190512@193408-R_Astrodon_2018.fts|CTA102|22 32 36.40|+11 43 51.0|338.15166666666664|11.730833333333333|987.4374119091009|944.3867139465556|R_Astrodon_2018|2458616.3153819446|180.0|19.7764073992|2.76620842218|38.0056|1.60266901092
113|2019-05-12|DA406-20190512@150314-R_Astrodon_2018.fts|DA406|16 13 41.00|+34 12 48.0|243.42083333333326|34.21333333333334|975.59223112018|1012.7423313784053|R_Astrodon_2018|2458616.127280093|180.0|20.012437685|2.87019546032|64.4241|1.10393200101
114|2019-05-12|DA406-20190512@150631-R_Astrodon_2018.fts|DA406|16 13 41.00|+34 12 48.0|243.42083333333326|34.21333333333334|975.5370897300489|1012.2202019264721|R_Astrodon_2018|2458616.129537037|180.0|20.0208749879|2.91089915037|65.0641|1.09826373544
115|2019-05-12|ES2344+514-20190512@195229-R_Astrodon_2018.fts|ES2344+514|23 47 04.00|+51 42 18.0|356.76666666666665|51.705000000000005|1059.1454748359674|1112.0399069592956|R_Astrodon_2018|2458616.328148148|180.0|20.2474307736|4.17272324562|32.0345|1.86161224478
116|2019-05-12|KS1510-08-20190512@145538-R_Astrodon_2018.fts|KS1510-08|15 12 50.50|-09 06 00.0|228.21041666666665|-9.1|1019.4100552182903|1024.6014395336124|R_Astrodon_2018|2458616.122002315|180.0|19.7734140833|3.31605812311|54.9222|1.21948520895
117|2019-05-12|KS1510-08-20190512@145856-R_Astrodon_2018.fts|KS1510-08|15 12 50.50|-09 06 00.0|228.21041666666665|-9.1|1017.2307352557215|1026.936838986737|R_Astrodon_2018|2458616.124259259|180.0|19.8320929266|3.06265231371|55.2102|1.21537544234
118|2019-05-12|L-Lacertae-20190512@194505-R_Astrodon_2018.fts|L-Lacertae|22 02 43.30|+42 16 40.0|330.68041666666664|42.27777777777778|985.457540565192|1017.2366254870067|R_Astrodon_2018|2458616.3230208335|180.0|20.1236650089|3.63944150209|49.6786|1.30294664788
119|2019-05-12|L-Lacertae-20190512@194824-R_Astrodon_2018.fts|L-Lacertae|22 02 43.30|+42 16 40.0|330.68041666666664|42.27777777777778|985.2232751302331|1016.1461984631563|R_Astrodon_2018|2458616.325277778|180.0|20.1196222399|3.55867503881|50.263|1.29199568595
120|2019-05-12|Mkn421-20190512@141734-R_Astrodon_2018.fts|Mkn421|11 04 27.30|+38 12 32.0|166.11374999999998|38.20888888888889|990.1971265163611|865.4084716809907|R_Astrodon_2018|2458616.0955671296|180.0|19.9259260223|3.54035935402|53.5744|1.24860348493
121|2019-05-12|Mkn421-20190512@142051-R_Astrodon_2018.fts|Mkn421|11 04 27.30|+38 12 32.0|166.11374999999998|38.20888888888889|990.723199711834|867.3528263583239|R_Astrodon_2018|2458616.097824074|180.0|19.9292495661|3.60338689089|52.9481|1.25906475034
122|2019-05-12|Mkn501-20190512@152441-R_Astrodon_2018.fts|Mkn501|16 53 52.20|+39 45 37.0|253.4675|39.76027777777778|1024.3012905388146|1037.6574743962465|R_Astrodon_2018|2458616.142175926|180.0|20.0610729148|2.65394802094|59.0078|1.16062277179
123|2019-05-12|Mkn501-20190512@152759-R_Astrodon_2018.fts|Mkn501|16 53 52.20|+39 45 37.0|253.4675|39.76027777777778|1023.2548079795392|1037.342948615294|R_Astrodon_2018|2458616.14443287|180.0|20.0700536466|2.59236340523|59.5854|1.1538290847
124|2019-05-12|OJ248-20190512@122830-R_Astrodon_2018.fts|OJ248|08 30 52.10|+24 11 00.0|127.71708333333332|24.183333333333334|1036.7014645852516|1133.0784419114393|R_Astrodon_2018|2458616.019814815|180.0|19.4070119617|5.23684350252|44.2545|1.44260503831
125|2019-05-12|OJ248-20190512@123147-R_Astrodon_2018.fts|OJ248|08 30 52.10|+24 11 00.0|127.71708333333332|24.183333333333334|1037.0654942522951|1136.509328457885|R_Astrodon_2018|2458616.022071759|180.0|19.4304212882|5.12684381008|43.5226|1.46220281514
126|2019-05-12|OJ287-20190512@123511-R_Astrodon_2018.fts|OJ287|08 54 48.90|+20 06 31.0|133.70374999999999|20.108611111111113|1019.5684684835995|1006.5417970819755|R_Astrodon_2018|2458616.0244328706|180.0|20.1556440654|4.23950656652|47.364|1.36856494317
127|2019-05-12|OJ287-20190512@123825-R_Astrodon_2018.fts|OJ287|08 54 48.90|+20 06 31.0|133.70374999999999|20.108611111111113|1019.3560260728478|1009.7724930849241|R_Astrodon_2018|2458616.026678241|180.0|20.1596743906|4.23031486273|46.6231|1.38555183655
128|2019-05-12|OJ49-20190512@124215-R_Astrodon_2018.fts|OJ49|08 31 48.90|+04 29 39.0|127.95375|4.494166666666667|995.339430576303|1071.734095754211|R_Astrodon_2018|2458616.029375|180.0|19.3460729573|4.64225282669|35.1126|1.75616546112
129|2019-05-12|OJ49-20190512@124533-R_Astrodon_2018.fts|OJ49|08 31 48.90|+04 29 39.0|127.95375|4.494166666666667|995.42700865677|1073.481124440823|R_Astrodon_2018|2458616.0316319442|180.0|18.6721938181|4.44204394817|34.3799|1.78953445174
130|2019-05-12|ON231-20190512@143142-R_Astrodon_2018.fts|ON231|12 21 31.70|+28 13 59.0|185.3820833333333|28.233055555555556|1020.6009885773698|1016.0634575260032|R_Astrodon_2018|2458616.105358796|180.0|19.9946067919|3.07016230822|68.3616|1.07905929878
131|2019-05-12|ON231-20190512@143457-R_Astrodon_2018.fts|ON231|12 21 31.70|+28 13 59.0|185.3820833333333|28.233055555555556|1021.2504308482603|1017.3918998874625|R_Astrodon_2018|2458616.1076041665|180.0|19.9858547104|2.81667426825|67.6529|1.08465077286
132|2019-05-12|PKS2155-304-20190512@192316-R_Astrodon_2018.fts|PKS2155-304|21 58 52.00|-30 13 32.0|329.7166666666666|-30.225555555555555|1021.8320067435837|1022.4540901469884|R_Astrodon_2018|2458616.3078587963|180.0|19.7095513691|3.29093441963|19.4237|2.9263950573
133|2019-05-12|PKS2155-304-20190512@192633-R_Astrodon_2018.fts|PKS2155-304|21 58 52.00|-30 13 32.0|329.7166666666666|-30.225555555555555|1022.4660890446344|1023.117598762617|R_Astrodon_2018|2458616.3101157406|180.0|19.7155751581|3.23023015261|19.9279|2.85784458028
134|2019-05-12|S4_0954+65-20190512@130525-R_Astrodon_2018.fts|S4_0954+65|09 58 47.20|+65 33 55.0|149.69666666666666|65.56527777777778|1113.2501840936884|1006.8506717968276|R_Astrodon_2018|2458616.0454282407|180.0|19.2667817219|3.95413166285|41.5603|1.50732243571
135|2019-05-12|S4_0954+65-20190512@130839-R_Astrodon_2018.fts|S4_0954+65|09 58 47.20|+65 33 55.0|149.69666666666666|65.56527777777778|149.69666666666666|65.56527777777778|R_Astrodon_2018|2458616.047685185|180.0|-9999|-9999|41.3067|1.51501008311
136|2019-05-12|S4_0954+65-20190512@141321-R_Astrodon_2018.fts|S4_0954+65|09 58 47.20|+65 33 55.0|149.69666666666666|65.56527777777778|1040.4923801652697|1054.3466936986479|R_Astrodon_2018|2458616.092638889|180.0|19.4128837703|3.78067929745|35.6213|1.71823271791
137|2019-05-12|S5_0716+71-20190512@124947-R_Astrodon_2018.fts|S5_0716+71|07 21 53.40|+71 20 36.0|110.47249999999998|71.34333333333333|1087.866343713317|1139.0933014782302|R_Astrodon_2018|2458616.0346180554|180.0|19.9217921742|5.46501100063|27.6289|2.15285264537
138|2019-05-12|S5_0716+71-20190512@125448-R_Astrodon_2018.fts|S5_0716+71|07 21 53.40|+71 20 36.0|110.47249999999998|71.34333333333333|1084.1639592428546|1143.1010558073724|R_Astrodon_2018|2458616.038090278|180.0|19.9531480286|4.8449403286|27.2316|2.1820316377
139|2019-05-13|3C273-20190513@141103-R_Astrodon_2018.fts|3C273|12 29 06.70|+02 03 09.0|187.27791666666664|2.0524999999999998|978.2700745241119|1078.177059125634|R_Astrodon_2018|2458617.091053241|180.0|19.8336905898|2.66853750944|62.7346|1.12862837908
140|2019-05-13|3C273-20190513@141421-R_Astrodon_2018.fts|3C273|12 29 06.70|+02 03 09.0|187.27791666666664|2.0524999999999998|979.6954810416495|1078.6280069247332|R_Astrodon_2018|2458617.0933101852|180.0|19.8241016555|2.3888127327|62.2395|1.13388720782
141|2019-05-13|3C279-20190513@141817-R_Astrodon_2018.fts|3C279|12 56 11.10|-05 47 22.0|194.04624999999996|-5.789444444444444|1011.1326607029216|1049.6942207336772|R_Astrodon_2018|2458617.096064815|180.0|19.9149473773|2.68287715912|58.3117|1.17842707936
142|2019-05-13|3C279-20190513@142134-R_Astrodon_2018.fts|3C279|12 56 11.10|-05 47 22.0|194.04624999999996|-5.789444444444444|1012.3394786355437|1049.0969402325752|R_Astrodon_2018|2458617.098321759|180.0|19.9392772586|2.52888128757|57.9978|1.18262316119
143|2019-05-13|3C345-20190513@144849-R_Astrodon_2018.fts|3C345|16 42 58.80|+39 48 37.0|250.74499999999995|39.81027777777778|1023.4518856302873|1036.870306393822|R_Astrodon_2018|2458617.1172453705|180.0|19.4674901453|3.40767253637|55.1594|1.21105206936
144|2019-05-13|3C345-20190513@145203-R_Astrodon_2018.fts|3C345|16 42 58.80|+39 48 37.0|250.74499999999995|39.81027777777778|1022.6504294036239|1035.7539649758749|R_Astrodon_2018|2458617.119490741|180.0|19.4967104195|3.13225748539|55.754|1.20257650643
145|2019-05-13|3C371-20190513@151008-R_Astrodon_2018.fts|3C371|18 06 50.70|+69 49 28.0|271.71124999999995|69.82444444444444|1017.0635057564884|1106.14164278914|R_Astrodon_2018|2458617.1320949076|180.0|19.8872814628|3.24559793472|34.5927|1.74569265105
146|2019-05-13|4C29-45-20190513@135650-R_Astrodon_2018.fts|4C29-45|11 59 31.80|+29 14 44.0|179.88249999999996|29.245555555555555|1007.4971782946|996.6830191705235|R_Astrodon_2018|2458617.0811689813|180.0|20.1167554637|2.29921041727|70.1356|1.06610192151
147|2019-05-13|4C29-45-20190513@140008-R_Astrodon_2018.fts|4C29-45|11 59 31.80|+29 14 44.0|179.88249999999996|29.245555555555555|1007.5867351544068|998.3148972280226|R_Astrodon_2018|2458617.083425926|180.0|20.129842729|2.29515174627|69.4391|1.07103559315
148|2019-05-13|4C38-41-20190513@144202-R_Astrodon_2018.fts|4C38-41|16 35 15.50|+38 08 04.0|248.81458333333327|38.13444444444444|1024.8082722772006|1034.7375403497788|R_Astrodon_2018|2458617.1125347223|180.0|19.7319879151|2.76691757441|55.7875|1.20199446146
149|2019-05-13|4C38-41-20190513@144517-R_Astrodon_2018.fts|4C38-41|16 35 15.50|+38 08 04.0|248.81458333333327|38.13444444444444|1023.8723782536374|1033.835590051249|R_Astrodon_2018|2458617.1147800926|180.0|19.7252237975|2.84982329607|56.4031|1.19344932103
150|2019-05-13|4C51-37-20190513@150248-R_Astrodon_2018.fts|4C51-37|17 40 37.00|+52 11 43.0|265.15416666666664|52.195277777777775|1030.3456257638784|1085.4228059775282|R_Astrodon_2018|2458617.1269907407|180.0|20.0528289045|3.59877547026|44.0004|1.42766757701
151|2019-05-13|4C51-37-20190513@150606-R_Astrodon_2018.fts|4C51-37|17 40 37.00|+52 11 43.0|265.15416666666664|52.195277777777775|1029.354817969922|1084.6630411025296|R_Astrodon_2018|2458617.129236111|180.0|20.0759960663|3.01787596941|44.4661|1.41586508051
152|2019-05-13|4C71-07-20190513@133512-R_Astrodon_2018.fts|4C71-07|08 41 24.30|+70 53 42.0|130.35125|70.89500000000001|1106.0879522567382|1083.463494977947|R_Astrodon_2018|2458617.066145833|180.0|20.1163504418|3.45975763798|30.0983|1.99220487988
153|2019-05-13|4C71-07-20190513@133830-R_Astrodon_2018.fts|4C71-07|08 41 24.30|+70 53 42.0|130.35125|70.89500000000001|1105.1978925921585|1085.32518538115|R_Astrodon_2018|2458617.068414352|180.0|20.115686966|3.26055967808|29.8395|2.00794597811
154|2019-05-13|DA406-20190513@143509-R_Astrodon_2018.fts|DA406|16 13 41.00|+34 12 48.0|243.42083333333326|34.21333333333334|979.7684850215824|1022.6878544010789|R_Astrodon_2018|2458617.1077777776|180.0|19.8458554211|3.26844604611|59.5842|1.15337180098
155|2019-05-13|DA406-20190513@143827-R_Astrodon_2018.fts|DA406|16 13 41.00|+34 12 48.0|243.42083333333326|34.21333333333334|979.6181813395983|1021.3502497234323|R_Astrodon_2018|2458617.1100462964|180.0|19.8595193561|3.29271143675|60.2458|1.14584467276
156|2019-05-13|KS1510-08-20190513@142736-R_Astrodon_2018.fts|KS1510-08|15 12 50.50|-09 06 00.0|228.21041666666665|-9.1|1019.4980257340086|1024.7117742041828|R_Astrodon_2018|2458617.102534722|180.0|19.7257615185|3.11562530994|52.3267|1.25935546231
157|2019-05-13|KS1510-08-20190513@143053-R_Astrodon_2018.fts|KS1510-08|15 12 50.50|-09 06 00.0|228.21041666666665|-9.1|1017.8366474817223|1025.9047815972417|R_Astrodon_2018|2458617.1047800924|180.0|19.7126121181|2.89279943705|52.7188|1.25291683089
158|2019-05-13|Mkn421-20190513@134933-R_Astrodon_2018.fts|Mkn421|11 04 27.30|+38 12 32.0|166.11374999999998|38.20888888888889|1080.8748418736411|873.7324330692152|R_Astrodon_2018|2458617.0761342593|180.0|20.1921079099|2.93539531231|58.1488|1.18165885136
159|2019-05-13|Mkn421-20190513@135252-R_Astrodon_2018.fts|Mkn421|11 04 27.30|+38 12 32.0|166.11374999999998|38.20888888888889|1080.9794482378618|876.3354885102154|R_Astrodon_2018|2458617.0783912037|180.0|20.0271337436|2.99275145531|57.538|1.18978572701
160|2019-05-13|Mkn501-20190513@145535-R_Astrodon_2018.fts|Mkn501|16 53 52.20|+39 45 37.0|253.4675|39.76027777777778|1026.0374206039646|1038.1587985640645|R_Astrodon_2018|2458617.1219328702|180.0|19.9611828945|3.03388805389|54.4136|1.22197431355
161|2019-05-13|Mkn501-20190513@145849-R_Astrodon_2018.fts|Mkn501|16 53 52.20|+39 45 37.0|253.4675|39.76027777777778|1025.1134729332828|1036.8383149638069|R_Astrodon_2018|2458617.1241782405|180.0|19.9395119062|3.0697816968|55.0119|1.21307372246
162|2019-05-13|OJ248-20190513@130609-R_Astrodon_2018.fts|OJ248|08 30 52.10|+24 11 00.0|127.71708333333332|24.183333333333334|1024.16622074936|1026.5562882795573|R_Astrodon_2018|2458617.045972222|180.0|19.5640132532|3.71615062952|34.9257|1.76275335102
163|2019-05-13|OJ248-20190513@130926-R_Astrodon_2018.fts|OJ248|08 30 52.10|+24 11 00.0|127.71708333333332|24.183333333333334|1024.7243018751215|1030.7597904223594|R_Astrodon_2018|2458617.048229167|180.0|19.6095922602|3.762622118|34.2008|1.79598273487
164|2019-05-13|OJ287-20190513@131301-R_Astrodon_2018.fts|OJ287|08 54 48.90|+20 06 31.0|133.70374999999999|20.108611111111113|1022.1206339659988|1005.8025827447651|R_Astrodon_2018|2458617.0507060187|180.0|20.2245206394|3.3233377099|37.8196|1.64544078278
165|2019-05-13|OJ287-20190513@131615-R_Astrodon_2018.fts|OJ287|08 54 48.90|+20 06 31.0|133.70374999999999|20.108611111111113|1022.3531450500856|1009.5242628383174|R_Astrodon_2018|2458617.052951389|180.0|20.2205801294|3.15078138113|37.0834|1.67391938443
166|2019-05-13|OJ49-20190513@132014-R_Astrodon_2018.fts|OJ49|08 31 48.90|+04 29 39.0|127.95375|4.494166666666667|1000.9004368335188|1073.239126164988|R_Astrodon_2018|2458617.055763889|180.0|19.5342766375|3.44402018785|25.5916|2.34625146906
167|2019-05-13|OJ49-20190513@132332-R_Astrodon_2018.fts|OJ49|08 31 48.90|+04 29 39.0|127.95375|4.494166666666667|1001.2108091462451|1074.4965778207568|R_Astrodon_2018|2458617.0580208334|180.0|19.4980700842|3.72744452953|24.8488|2.41284425202
168|2019-05-13|ON231-20190513@140342-R_Astrodon_2018.fts|ON231|12 21 31.70|+28 13 59.0|185.3820833333333|28.233055555555556|1019.6836736512043|1019.0516206961784|R_Astrodon_2018|2458617.085914352|180.0|20.0056189389|2.59681315422|73.5957|1.04469490946
169|2019-05-13|ON231-20190513@140655-R_Astrodon_2018.fts|ON231|12 21 31.70|+28 13 59.0|185.3820833333333|28.233055555555556|1019.7741743750838|1020.2176698810047|R_Astrodon_2018|2458617.0881481483|180.0|19.9993269107|2.57028900981|72.902|1.04867470611
170|2019-05-13|S4_0954+65-20190513@134212-R_Astrodon_2018.fts|S4_0954+65|09 58 47.20|+65 33 55.0|149.69666666666666|65.56527777777778|1117.534805228402|1009.6809198823149|R_Astrodon_2018|2458617.0709837964|180.0|19.6024667063|3.34383157492|38.1447|1.61981874525
171|2019-05-13|S4_0954+65-20190513@134526-R_Astrodon_2018.fts|S4_0954+65|09 58 47.20|+65 33 55.0|149.69666666666666|65.56527777777778|1116.6849171657452|1011.684657767664|R_Astrodon_2018|2458617.0732291667|180.0|19.6097490682|3.15639386177|37.8539|1.63054164673
172|2019-05-13|S5_0716+71-20190513@132759-R_Astrodon_2018.fts|S5_0716+71|07 21 53.40|+71 20 36.0|110.47249999999998|71.34333333333333|1077.1125115795203|1142.527021853922|R_Astrodon_2018|2458617.061134259|180.0|20.0798191059|3.96605995893|24.2615|2.42798096773
173|2019-05-13|S5_0716+71-20190513@133116-R_Astrodon_2018.fts|S5_0716+71|07 21 53.40|+71 20 36.0|110.47249999999998|71.34333333333333|1077.0095534132536|1144.4073654330323|R_Astrodon_2018|2458617.0633912035|180.0|20.0821893519|3.85412566662|24.001|2.45278267734
174|2019-05-14|3C273-20190514@140936-R_Astrodon_2018.fts|3C273|12 29 06.70|+02 03 09.0|187.27791666666664|2.0524999999999998|187.27791666666664|2.0524999999999998|R_Astrodon_2018|2458618.0900347224|180.0|-9999|-9999|62.3603|1.13273823549
175|2019-05-14|3C273-20190514@141304-R_Astrodon_2018.fts|3C273|12 29 06.70|+02 03 09.0|187.27791666666664|2.0524999999999998|187.27791666666664|2.0524999999999998|R_Astrodon_2018|2458618.0924074072|180.0|-9999|-9999|61.8288|1.13854738192
176|2019-05-14|3C279-20190514@141704-R_Astrodon_2018.fts|3C279|12 56 11.10|-05 47 22.0|194.04624999999996|-5.789444444444444|965.2716142259161|1104.9247294160161|R_Astrodon_2018|2458618.0952430554|180.0|19.9423287581|2.7087502718|58.0473|1.18174731737
177|2019-05-14|3C279-20190514@142024-R_Astrodon_2018.fts|3C279|12 56 11.10|-05 47 22.0|194.04624999999996|-5.789444444444444|966.7776010736711|1104.0744142600474|R_Astrodon_2018|2458618.0975|180.0|19.9694518216|2.71319043636|57.7194|1.18619208014
178|2019-05-14|3C345-20190514@144744-R_Astrodon_2018.fts|3C345|16 42 58.80|+39 48 37.0|250.74499999999995|39.81027777777778|1022.5611931631562|1038.712027603802|R_Astrodon_2018|2458618.1164930556|180.0|19.6549188074|3.03566981554|55.6834|1.20360738595
179|2019-05-14|3C345-20190514@145059-R_Astrodon_2018.fts|3C345|16 42 58.80|+39 48 37.0|250.74499999999995|39.81027777777778|1021.5469012234125|1037.977897692846|R_Astrodon_2018|2458618.11875|180.0|19.6617951981|3.05351558924|56.2787|1.19532871829
180|2019-05-14|3C371-20190514@150904-R_Astrodon_2018.fts|3C371|18 06 50.70|+69 49 28.0|271.71124999999995|69.82444444444444|1017.4055667330065|1109.192739636862|R_Astrodon_2018|2458618.1313310186|180.0|20.1115673064|3.1913226366|34.8074|1.73650928283
181|2019-05-14|4C29-45-20190514@135441-R_Astrodon_2018.fts|4C29-45|11 59 31.80|+29 14 44.0|179.88249999999996|29.245555555555555|1008.901026903771|996.2697041969129|R_Astrodon_2018|2458618.0796875|180.0|20.1851033457|2.61695048809|69.7504|1.06876350799
182|2019-05-14|4C29-45-20190514@135758-R_Astrodon_2018.fts|4C29-45|11 59 31.80|+29 14 44.0|179.88249999999996|29.245555555555555|1009.2076856731583|997.8677955163604|R_Astrodon_2018|2458618.08193287|180.0|20.2013254972|2.36108568907|69.0564|1.07380703246
183|2019-05-14|4C38-41-20190514@144056-R_Astrodon_2018.fts|4C38-41|16 35 15.50|+38 08 04.0|248.81458333333327|38.13444444444444|1023.9319507431139|1035.4071871790418|R_Astrodon_2018|2458618.1117592594|180.0|19.8927748655|2.62543616295|56.3236|1.19458502491
184|2019-05-14|4C38-41-20190514@144410-R_Astrodon_2018.fts|4C38-41|16 35 15.50|+38 08 04.0|248.81458333333327|38.13444444444444|1023.1956813111044|1034.5983805754113|R_Astrodon_2018|2458618.1140162037|180.0|19.9320460437|2.63753192425|56.9403|1.18628167663
185|2019-05-14|4C51-37-20190514@150145-R_Astrodon_2018.fts|4C51-37|17 40 37.00|+52 11 43.0|265.15416666666664|52.195277777777775|1027.9365535120871|1088.6449146590694|R_Astrodon_2018|2458618.12625|180.0|20.2278338656|3.06073542833|44.4132|1.41721908417
186|2019-05-14|4C51-37-20190514@150503-R_Astrodon_2018.fts|4C51-37|17 40 37.00|+52 11 43.0|265.15416666666664|52.195277777777775|1026.7984053529744|1087.8273765682973|R_Astrodon_2018|2458618.1285185185|180.0|20.2368530031|3.03150492907|44.8815|1.40582366523
187|2019-05-14|4C71-07-20190514@133302-R_Astrodon_2018.fts|4C71-07|08 41 24.30|+70 53 42.0|130.35125|70.89500000000001|1104.0612011112025|1083.1764901960325|R_Astrodon_2018|2458618.0646527777|180.0|20.1896797006|3.55730364323|29.9573|2.00069749372
188|2019-05-14|4C71-07-20190514@133621-R_Astrodon_2018.fts|4C71-07|08 41 24.30|+70 53 42.0|130.35125|70.89500000000001|1103.1390036524672|1085.1041734380847|R_Astrodon_2018|2458618.066909722|180.0|20.167553706|3.62965539694|29.6993|2.01665166411
189|2019-05-14|DA406-20190514@143402-R_Astrodon_2018.fts|DA406|16 13 41.00|+34 12 48.0|243.42083333333326|34.21333333333334|979.4406908203556|1020.2406762039182|R_Astrodon_2018|2458618.1070023146|180.0|19.9573896331|2.6297312364|60.1545|1.14688346898
190|2019-05-14|DA406-20190514@143720-R_Astrodon_2018.fts|DA406|16 13 41.00|+34 12 48.0|243.42083333333326|34.21333333333334|979.0719903687051|1019.187262757984|R_Astrodon_2018|2458618.1092708334|180.0|19.8409495776|2.97708844543|60.8146|1.13958031645
191|2019-05-14|KS1510-08-20190514@142627-R_Astrodon_2018.fts|KS1510-08|15 12 50.50|-09 06 00.0|228.21041666666665|-9.1|1019.3633381206128|1023.0284448283311|R_Astrodon_2018|2458618.101724537|180.0|19.8253532355|3.14780319929|52.6628|1.25387020247
192|2019-05-14|KS1510-08-20190514@142943-R_Astrodon_2018.fts|KS1510-08|15 12 50.50|-09 06 00.0|228.21041666666665|-9.1|1017.9192019091084|1024.6080392185333|R_Astrodon_2018|2458618.1039814814|180.0|19.8781741368|2.69414664507|53.0458|1.24771179852
193|2019-05-14|Mkn421-20190514@134725-R_Astrodon_2018.fts|Mkn421|11 04 27.30|+38 12 32.0|166.11374999999998|38.20888888888889|1076.7990659685363|867.4070827477467|R_Astrodon_2018|2458618.0746296295|180.0|20.1008673378|3.42369166613|57.8174|1.18602151027
194|2019-05-14|Mkn421-20190514@135042-R_Astrodon_2018.fts|Mkn421|11 04 27.30|+38 12 32.0|166.11374999999998|38.20888888888889|1077.6576083690634|869.8293214454153|R_Astrodon_2018|2458618.0768865743|180.0|20.1817263484|3.19837940931|57.2052|1.19430437429
195|2019-05-14|Mkn501-20190514@145432-R_Astrodon_2018.fts|Mkn501|16 53 52.20|+39 45 37.0|253.4675|39.76027777777778|1024.87049783316|1040.2768205037542|R_Astrodon_2018|2458618.121215278|180.0|20.1289184271|2.54679901004|54.9501|1.21410070781
196|2019-05-14|Mkn501-20190514@145746-R_Astrodon_2018.fts|Mkn501|16 53 52.20|+39 45 37.0|253.4675|39.76027777777778|1023.9607550139368|1039.5918497024043|R_Astrodon_2018|2458618.123460648|180.0|20.1333513854|2.52463694215|55.5463|1.20547471668
197|2019-05-14|OJ248-20190514@130358-R_Astrodon_2018.fts|OJ248|08 30 52.10|+24 11 00.0|127.71708333333332|24.183333333333334|1023.4589020178422|1194.7301085086604|R_Astrodon_2018|2458618.0444560186|180.0|19.6195858024|3.7245904088|34.5356|1.77873657921
198|2019-05-14|OJ248-20190514@130716-R_Astrodon_2018.fts|OJ248|08 30 52.10|+24 11 00.0|127.71708333333332|24.183333333333334|1023.1782987253234|1197.865176414821|R_Astrodon_2018|2458618.046712963|180.0|19.6392252304|5.02219843864|33.8111|1.81272991456
199|2019-05-14|OJ287-20190514@131050-R_Astrodon_2018.fts|OJ287|08 54 48.90|+20 06 31.0|133.70374999999999|20.108611111111113|1019.0182170866989|998.269718429384|R_Astrodon_2018|2458618.049201389|180.0|20.257116121|3.49461307526|37.4177|1.66071687584
200|2019-05-14|OJ287-20190514@131406-R_Astrodon_2018.fts|OJ287|08 54 48.90|+20 06 31.0|133.70374999999999|20.108611111111113|1019.0655584385263|1002.0273394045853|R_Astrodon_2018|2458618.051458333|180.0|20.243393079|3.42235018015|36.6779|1.68994094253
201|2019-05-14|OJ49-20190514@131804-R_Astrodon_2018.fts|OJ49|08 31 48.90|+04 29 39.0|127.95375|4.494166666666667|996.878908104634|1064.0903238428016|R_Astrodon_2018|2458618.0542476852|180.0|19.2718942658|4.06638911963|25.1921|2.3815146574
202|2019-05-14|OJ49-20190514@132122-R_Astrodon_2018.fts|OJ49|08 31 48.90|+04 29 39.0|127.95375|4.494166666666667|997.4859678320812|1065.7920259270875|R_Astrodon_2018|2458618.0565046296|180.0|19.3813829338|3.88984776735|24.449|2.45049576089
203|2019-05-14|ON231-20190514@140132-R_Astrodon_2018.fts|ON231|12 21 31.70|+28 13 59.0|185.3820833333333|28.233055555555556|1020.3836693218718|1019.6205443538094|R_Astrodon_2018|2458618.084409722|180.0|20.1067189893|2.62934926152|73.2153|1.04684685521
204|2019-05-14|ON231-20190514@140447-R_Astrodon_2018.fts|ON231|12 21 31.70|+28 13 59.0|185.3820833333333|28.233055555555556|1020.8030216575735|1021.0794109963825|R_Astrodon_2018|2458618.086666667|180.0|20.0815840687|2.51832622886|72.5131|1.05094221923
205|2019-05-14|S4_0954+65-20190514@134003-R_Astrodon_2018.fts|S4_0954+65|09 58 47.20|+65 33 55.0|149.69666666666666|65.56527777777778|1113.3747399680738|1008.4452428673508|R_Astrodon_2018|2458618.0694907405|180.0|19.6821180094|3.41754713058|37.9848|1.62571628316
206|2019-05-14|S4_0954+65-20190514@134318-R_Astrodon_2018.fts|S4_0954+65|09 58 47.20|+65 33 55.0|149.69666666666666|65.56527777777778|1112.3073330660418|1010.5481075629626|R_Astrodon_2018|2458618.0717476853|180.0|19.5688543728|3.82892775536|37.6911|1.6366123411
207|2019-05-14|S5_0716+71-20190514@132548-R_Astrodon_2018.fts|S5_0716+71|07 21 53.40|+71 20 36.0|110.47249999999998|71.34333333333333|1076.9841990223515|1148.7922387510864|R_Astrodon_2018|2458618.05962963|180.0|20.2117750424|4.08254429102|24.12|2.44124123054
208|2019-05-14|S5_0716+71-20190514@132906-R_Astrodon_2018.fts|S5_0716+71|07 21 53.40|+71 20 36.0|110.47249999999998|71.34333333333333|1076.419057953589|1150.2078492688152|R_Astrodon_2018|2458618.061875|180.0|20.2121363141|4.33126425743|23.861|2.46616463801
