ID|DateObs|Filename|Object|RA_hhmmss|DEC_ddmmss|RA_deg|DEC_deg|RA_pix|Dec_pix|FilterName|JD|ExpTime_sec|Zmag|FWHM|Altitude|Airmass
1|2019-07-08|3C345-20190708@190558-R_Astrodon_2018.fts|3C345|16 42 58.80|+39 48 37.0|250.74499999999995|39.81027777777778|937.291731208029|1330.1868918114646|R_Astrodon_2018|2458673.2958217594|180.0|19.9470693421|3.32070220709|19.8757|2.98195171771
2|2019-07-08|3C371-20190708@191720-R_Astrodon_2018.fts|3C371|18 06 50.70|+69 49 28.0|271.71124999999995|69.82444444444444|1008.5948704250648|1150.7689263584539|R_Astrodon_2018|2458673.303715278|180.0|20.9835828039|3.21132011414|30.5135|1.97882868559
3|2019-07-08|3C371-20190708@192034-R_Astrodon_2018.fts|3C371|18 06 50.70|+69 49 28.0|271.71124999999995|69.82444444444444|1008.1377057011443|1152.706716872986|R_Astrodon_2018|2458673.305960648|180.0|20.9078580366|2.96364251375|30.2433|1.99504396558
4|2019-07-08|3C454-3-20190708@195028-R_Astrodon_2018.fts|3C454-3|22 53 57.70|+16 08 54.0|343.49041666666665|16.148333333333333|1022.8731021328275|1024.14716455679|R_Astrodon_2018|2458673.3267939817|180.0|20.5261847127|2.5079552412|82.5441|1.00853874583
5|2019-07-08|3C454-3-20190708@195349-R_Astrodon_2018.fts|3C454-3|22 53 57.70|+16 08 54.0|343.49041666666665|16.148333333333333|1023.2812322081663|1022.751486601362|R_Astrodon_2018|2458673.329050926|180.0|20.5834167531|2.46652493477|82.3616|1.00908760629
6|2019-07-08|3C66A-20190708@201533-R_Astrodon_2018.fts|3C66A|02 22 39.60|+43 02 08.0|35.665|43.035555555555554|1088.8018343944298|1039.4723972601284|R_Astrodon_2018|2458673.344201389|180.0|21.2802625782|3.27503689528|48.6719|1.3240855398
7|2019-07-08|3C66A-20190708@201854-R_Astrodon_2018.fts|3C66A|02 22 39.60|+43 02 08.0|35.665|43.035555555555554|1086.9790168532572|1037.941645561655|R_Astrodon_2018|2458673.3464699076|180.0|21.3054233865|2.84566261768|49.2526|1.31260086274
8|2019-07-08|4C51-37-20190708@191022-R_Astrodon_2018.fts|4C51-37|17 40 37.00|+52 11 43.0|265.15416666666664|52.195277777777775|977.440003465509|1209.0835768428817|R_Astrodon_2018|2458673.2988773147|180.0|21.0727578723|3.03800802231|30.6058|1.98123271315
9|2019-07-08|4C51-37-20190708@191336-R_Astrodon_2018.fts|4C51-37|17 40 37.00|+52 11 43.0|265.15416666666664|52.195277777777775|976.9267840780047|1211.7678368008349|R_Astrodon_2018|2458673.301122685|180.0|21.0820363107|3.32658973932|30.109|2.01132251679
10|2019-07-08|CTA102-20190708@193314-R_Astrodon_2018.fts|CTA102|22 32 36.40|+11 43 51.0|338.15166666666664|11.730833333333333|955.5307296239451|1088.8018717152597|R_Astrodon_2018|2458673.314814815|180.0|20.9313183139|2.39175848961|78.0199|1.02220776582
11|2019-07-08|CTA102-20190708@193634-R_Astrodon_2018.fts|CTA102|22 32 36.40|+11 43 51.0|338.15166666666664|11.730833333333333|957.2599143516874|1088.024298335903|R_Astrodon_2018|2458673.317071759|180.0|20.9050084703|2.2639436841|77.8412|1.0230127362
12|2019-07-08|ES2344+514-20190708@200752-R_Astrodon_2018.fts|ES2344+514|23 47 04.00|+51 42 18.0|356.76666666666665|51.705000000000005|1020.7392433477833|1024.733200542614|R_Astrodon_2018|2458673.3388541667|180.0|21.4994630807|2.60241547823|61.193|1.14107563559
13|2019-07-08|ES2344+514-20190708@201113-R_Astrodon_2018.fts|ES2344+514|23 47 04.00|+51 42 18.0|356.76666666666665|51.705000000000005|1020.0989210762848|1025.844240528509|R_Astrodon_2018|2458673.3411342595|180.0|21.4964000202|2.62768529654|61.3116|1.13987638002
14|2019-07-08|L-Lacertae-20190708@192508-R_Astrodon_2018.fts|L-Lacertae|22 02 43.30|+42 16 40.0|330.68041666666664|42.27777777777778|1001.7835801444983|1023.1924784149851|R_Astrodon_2018|2458673.3091782406|180.0|21.2112592897|2.34686127901|70.0622|1.06530901974
15|2019-07-08|L-Lacertae-20190708@192828-R_Astrodon_2018.fts|L-Lacertae|22 02 43.30|+42 16 40.0|330.68041666666664|42.27777777777778|1002.1588431042939|1023.6793519862744|R_Astrodon_2018|2458673.3114467594|180.0|21.2194789429|2.39954861403|69.8264|1.06702240753
16|2019-07-08|PKS2155-304-20190708@195814-R_Astrodon_2018.fts|PKS2155-304|21 58 52.00|-30 13 32.0|329.7166666666666|-30.225555555555555|957.7251392489851|1197.6729488396525|R_Astrodon_2018|2458673.332175926|180.0|20.5635613098|3.0488406539|33.818|1.7934651331
17|2019-07-08|PKS2155-304-20190708@200134-R_Astrodon_2018.fts|PKS2155-304|21 58 52.00|-30 13 32.0|329.7166666666666|-30.225555555555555|959.3752882107376|1197.0191061842008|R_Astrodon_2018|2458673.33443287|180.0|20.5103017735|2.90231355429|33.5829|1.80480784659
18|2019-07-11|3C273-20190711@132037-R_Astrodon_2018.fts|3C273|12 29 06.70|+02 03 09.0|187.27791666666664|2.0524999999999998|985.6681802061481|1057.4228054467155|R_Astrodon_2018|2458676.0559953703|180.0|20.5237057242|2.74249049425|25.5662|2.35062029138
19|2019-07-11|3C273-20190711@132351-R_Astrodon_2018.fts|3C273|12 29 06.70|+02 03 09.0|187.27791666666664|2.0524999999999998|986.429935109931|1055.3834237088408|R_Astrodon_2018|2458676.0582407406|180.0|20.4467319804|3.06289186478|24.8325|2.41725279927
20|2019-07-11|3C279-20190711@132848-R_Astrodon_2018.fts|3C279|12 56 11.10|-05 47 22.0|194.04624999999996|-5.789444444444444|1020.5584623050698|1027.9530992667896|R_Astrodon_2018|2458676.061724537|180.0|20.2102096886|2.65567479134|26.1321|2.30156902212
21|2019-07-11|3C279-20190711@133207-R_Astrodon_2018.fts|3C279|12 56 11.10|-05 47 22.0|194.04624999999996|-5.789444444444444|1021.7517060654097|1029.6463830474718|R_Astrodon_2018|2458676.0639814814|180.0|20.1510607725|2.72628102303|25.4271|2.36178902276
22|2019-07-11|3C345-20190711@135947-R_Astrodon_2018.fts|3C345|16 42 58.80|+39 48 37.0|250.74499999999995|39.81027777777778|1028.5631521372102|1016.7239667485981|R_Astrodon_2018|2458676.0831944444|180.0|20.5715678501|2.39353015423|71.8775|1.05328434499
23|2019-07-11|3C345-20190711@140302-R_Astrodon_2018.fts|3C345|16 42 58.80|+39 48 37.0|250.74499999999995|39.81027777777778|1028.9914211400724|1016.9524259424696|R_Astrodon_2018|2458676.0854513887|180.0|20.615235726|2.38053268194|71.5697|1.05528742202
24|2019-07-11|3C371-20190711@143458-R_Astrodon_2018.fts|3C371|18 06 50.70|+69 49 28.0|271.71124999999995|69.82444444444444|1022.8013459276493|1028.159134092564|R_Astrodon_2018|2458676.1077083335|180.0|21.1989222121|2.74310849905|43.6133|1.44766596813
25|2019-07-11|3C371-20190711@145111-R_Astrodon_2018.fts|3C371|18 06 50.70|+69 49 28.0|271.71124999999995|69.82444444444444|1020.9847789171948|1023.5501031078895|R_Astrodon_2018|2458676.118935185|180.0|20.4171356643|2.73464957476|43.6386|1.44766339132
26|2019-07-11|4C29-45-20190711@130527-R_Astrodon_2018.fts|4C29-45|11 59 31.80|+29 14 44.0|179.88249999999996|29.245555555555555|1673.2208818078707|1031.3415278733837|R_Astrodon_2018|2458676.0455324072|180.0|20.7691965114|2.6634755969|30.8771|1.9698843221
27|2019-07-11|4C29-45-20190711@130908-R_Astrodon_2018.fts|4C29-45|11 59 31.80|+29 14 44.0|179.88249999999996|29.245555555555555|1025.1190939297587|1025.0021429474414|R_Astrodon_2018|2458676.048009259|180.0|21.0588805812|2.82332226038|30.1127|2.0141051118
28|2019-07-11|4C38-41-20190711@135301-R_Astrodon_2018.fts|4C38-41|16 35 15.50|+38 08 04.0|248.81458333333327|38.13444444444444|1025.8436584224553|1017.2005197344298|R_Astrodon_2018|2458676.07849537|180.0|20.6118761737|2.54455571175|73.2378|1.04552366348
29|2019-07-11|4C38-41-20190711@135616-R_Astrodon_2018.fts|4C38-41|16 35 15.50|+38 08 04.0|248.81458333333327|38.13444444444444|1026.2710408116618|1017.3158697810627|R_Astrodon_2018|2458676.0807407405|180.0|20.7450463641|2.50360553265|72.8922|1.04758097676
30|2019-07-11|4C51-37-20190711@142540-R_Astrodon_2018.fts|4C51-37|17 40 37.00|+52 11 43.0|265.15416666666664|52.195277777777775|1021.2616507412678|1023.2132687010771|R_Astrodon_2018|2458676.101238426|180.0|21.4160447369|2.55058995485|61.254|1.14036282196
31|2019-07-11|4C51-37-20190711@142901-R_Astrodon_2018.fts|4C51-37|17 40 37.00|+52 11 43.0|265.15416666666664|52.195277777777775|1021.067135388176|1022.147294070027|R_Astrodon_2018|2458676.103483796|180.0|21.4358897118|2.40718948841|61.2245|1.14080820134
32|2019-07-11|CTA102-20190711@150510-R_Astrodon_2018.fts|CTA102|22 32 36.40|+11 43 51.0|338.15166666666664|11.730833333333333|1056.9639256458033|1042.725919377009|R_Astrodon_2018|2458676.1286689816|180.0|18.6928707938|2.87394592762|30.4312|1.9377519179
33|2019-07-11|CTA102-20190711@150831-R_Astrodon_2018.fts|CTA102|22 32 36.40|+11 43 51.0|338.15166666666664|11.730833333333333|1057.306706211182|1041.3083633206052|R_Astrodon_2018|2458676.130914352|180.0|19.5783516594|2.84280518293|31.1747|1.89690867031
34|2019-07-11|DA406-20190711@134457-R_Astrodon_2018.fts|DA406|16 13 41.00|+34 12 48.0|243.42083333333326|34.21333333333334|1104.6699488019078|828.0916974164281|R_Astrodon_2018|2458676.072951389|180.0|20.7016001535|2.60619167089|74.4347|1.03987609505
35|2019-07-11|DA406-20190711@134818-R_Astrodon_2018.fts|DA406|16 13 41.00|+34 12 48.0|243.42083333333326|34.21333333333334|1104.2283977948111|828.5676043949205|R_Astrodon_2018|2458676.0752083333|180.0|20.7311230497|2.51544116735|73.9131|1.04272274199
36|2019-07-11|KS1510-08-20190711@133708-R_Astrodon_2018.fts|KS1510-08|15 12 50.50|-09 06 00.0|228.21041666666665|-9.1|1015.6094507657947|912.8438463775639|R_Astrodon_2018|2458676.0675462964|180.0|-9999|-9999|48.5887|1.33983020319
37|2019-07-11|KS1510-08-20190711@134030-R_Astrodon_2018.fts|KS1510-08|15 12 50.50|-09 06 00.0|228.21041666666665|-9.1|228.21041666666665|-9.1|R_Astrodon_2018|2458676.0698032407|180.0|-9999|-9999|48.0922|1.35047789068
38|2019-07-11|L-Lacertae-20190711@145646-R_Astrodon_2018.fts|L-Lacertae|22 02 43.30|+42 16 40.0|330.68041666666664|42.27777777777778|1022.2694427467642|1023.5277704578332|R_Astrodon_2018|2458676.1228356482|180.0|20.4369724411|2.8496314168|40.0874|1.5371583542
39|2019-07-11|L-Lacertae-20190711@150007-R_Astrodon_2018.fts|L-Lacertae|22 02 43.30|+42 16 40.0|330.68041666666664|42.27777777777778|1022.0743005705049|1022.080473993727|R_Astrodon_2018|2458676.1250925926|180.0|20.4809375483|2.71619507074|40.6888|1.51861135168
40|2019-07-11|Mkn501-20190711@140635-R_Astrodon_2018.fts|Mkn501|16 53 52.20|+39 45 37.0|253.4675|39.76027777777778|1028.1765418041077|1016.3237517327506|R_Astrodon_2018|2458676.0879166666|180.0|21.1186597744|2.42535227537|72.2772|1.05078840191
41|2019-07-11|Mkn501-20190711@140949-R_Astrodon_2018.fts|Mkn501|16 53 52.20|+39 45 37.0|253.4675|39.76027777777778|1028.509732476806|1016.3751955628627|R_Astrodon_2018|2458676.090162037|180.0|21.2128762486|2.38535983562|71.9967|1.05259106344
42|2019-07-11|ON231-20190711@131328-R_Astrodon_2018.fts|ON231|12 21 31.70|+28 13 59.0|185.3820833333333|28.233055555555556|1022.9409123458435|1025.9528468765902|R_Astrodon_2018|2458676.051099537|180.0|20.8769947185|2.83187775612|33.6874|1.8215124284
43|2019-07-11|ON231-20190711@131649-R_Astrodon_2018.fts|ON231|12 21 31.70|+28 13 59.0|185.3820833333333|28.233055555555556|1022.7332044208649|1029.2783743893494|R_Astrodon_2018|2458676.0533449072|180.0|20.8198733352|2.86776667833|32.986|1.85647140548
44|2019-07-12|3C279-20190712@132732-R_Astrodon_2018.fts|3C279|12 56 11.10|-05 47 22.0|194.04624999999996|-5.789444444444444|981.3357985334801|1004.3168820942249|R_Astrodon_2018|2458677.060798611|180.0|21.1360124243|3.02344857454|25.5686|2.34875610504
45|2019-07-12|3C279-20190712@133046-R_Astrodon_2018.fts|3C279|12 56 11.10|-05 47 22.0|194.04624999999996|-5.789444444444444|982.4469121556817|1005.6628045979571|R_Astrodon_2018|2458677.0630324073|180.0|21.1412932099|2.94079685211|24.8694|2.41199000087
46|2019-07-12|3C345-20190712@135010-R_Astrodon_2018.fts|3C345|16 42 58.80|+39 48 37.0|250.74499999999995|39.81027777777778|1029.4007695593825|1018.2716608297211|R_Astrodon_2018|2458677.0765162036|180.0|20.9893246219|2.62888348103|72.3643|1.05019632934
47|2019-07-12|3C345-20190712@135324-R_Astrodon_2018.fts|3C345|16 42 58.80|+39 48 37.0|250.74499999999995|39.81027777777778|1029.5481732721294|1018.7119728035001|R_Astrodon_2018|2458677.07875|180.0|20.9857362359|2.69520171881|72.0971|1.05190046231
48|2019-07-12|3C371-20190712@142746-R_Astrodon_2018.fts|3C371|18 06 50.70|+69 49 28.0|271.71124999999995|69.82444444444444|1021.7774131099814|1028.5593455444146|R_Astrodon_2018|2458677.102696759|180.0|21.3344086455|2.75665348768|43.5929|1.44807410962
49|2019-07-12|3C371-20190712@143107-R_Astrodon_2018.fts|3C371|18 06 50.70|+69 49 28.0|271.71124999999995|69.82444444444444|1021.8650120337298|1030.0432214534617|R_Astrodon_2018|2458677.1049537035|180.0|21.416415619|3.00303660631|43.6131|1.44767121459
50|2019-07-12|4C29-45-20190712@131327-R_Astrodon_2018.fts|4C29-45|11 59 31.80|+29 14 44.0|179.88249999999996|29.245555555555555|1020.7427635593126|1026.6527341670567|R_Astrodon_2018|2458677.051099537|180.0|21.3079092189|3.30510337353|28.3202|2.13261394119
51|2019-07-12|4C29-45-20190712@131648-R_Astrodon_2018.fts|4C29-45|11 59 31.80|+29 14 44.0|179.88249999999996|29.245555555555555|1020.8095568131175|1028.9133429573508|R_Astrodon_2018|2458677.0533449072|180.0|21.3744711738|3.19808700085|27.6302|2.18228512254
52|2019-07-12|4C38-41-20190712@134323-R_Astrodon_2018.fts|4C38-41|16 35 15.50|+38 08 04.0|248.81458333333327|38.13444444444444|1027.4938442556054|1018.709358917321|R_Astrodon_2018|2458677.0717939814|180.0|21.2602427726|2.72895581722|73.7948|1.04231434171
53|2019-07-12|4C38-41-20190712@134637-R_Astrodon_2018.fts|4C38-41|16 35 15.50|+38 08 04.0|248.81458333333327|38.13444444444444|1027.8220469886915|1019.0468917125263|R_Astrodon_2018|2458677.074050926|180.0|21.2629063316|2.69928935766|73.487|1.044086458
54|2019-07-12|4C51-37-20190712@140603-R_Astrodon_2018.fts|4C51-37|17 40 37.00|+52 11 43.0|265.15416666666664|52.195277777777775|1023.216064981276|1026.8477652216775|R_Astrodon_2018|2458677.087638889|180.0|21.5458357913|2.64137223959|61.2072|1.14029614713
55|2019-07-12|4C51-37-20190712@142140-R_Astrodon_2018.fts|4C51-37|17 40 37.00|+52 11 43.0|265.15416666666664|52.195277777777775|1020.8361373572561|1022.0778779128353|R_Astrodon_2018|2458677.098472222|180.0|21.573608889|2.79612766504|61.2543|1.14036312067
56|2019-07-12|CTA102-20190712@144320-R_Astrodon_2018.fts|CTA102|22 32 36.40|+11 43 51.0|338.15166666666664|11.730833333333333|1046.4139056383683|1026.253414362367|R_Astrodon_2018|2458677.1135069444|180.0|20.908132727|3.71446133852|26.3156|2.20438025466
57|2019-07-12|DA406-20190712@133544-R_Astrodon_2018.fts|DA406|16 13 41.00|+34 12 48.0|243.42083333333326|34.21333333333334|1022.8689797359212|1023.4736165075924|R_Astrodon_2018|2458677.0665625|180.0|21.3460516119|3.10503294468|75.2468|1.03560528829
58|2019-07-12|DA406-20190712@133905-R_Astrodon_2018.fts|DA406|16 13 41.00|+34 12 48.0|243.42083333333326|34.21333333333334|1022.6725677475885|1024.1738777232188|R_Astrodon_2018|2458677.0688194446|180.0|21.3944881352|2.83870974779|74.7509|1.0381389012
59|2019-07-12|L-Lacertae-20190712@143539-R_Astrodon_2018.fts|L-Lacertae|22 02 43.30|+42 16 40.0|330.68041666666664|42.27777777777778|1139.2811131532978|955.9518057955826|R_Astrodon_2018|2458677.1081828703|180.0|21.5006889896|3.12064613104|36.9054|1.64640695994
60|2019-07-12|L-Lacertae-20190712@143901-R_Astrodon_2018.fts|L-Lacertae|22 02 43.30|+42 16 40.0|330.68041666666664|42.27777777777778|1137.5126678546842|953.8551518185192|R_Astrodon_2018|2458677.1104398146|180.0|21.48804742|3.3242873311|37.5081|1.62412541585
61|2019-07-12|Mkn501-20190712@135655-R_Astrodon_2018.fts|Mkn501|16 53 52.20|+39 45 37.0|253.4675|39.76027777777778|1028.037356239744|1018.3617183459022|R_Astrodon_2018|2458677.081203704|180.0|21.4511804955|2.60609139204|72.7193|1.04804019641
62|2019-07-12|Mkn501-20190712@140010-R_Astrodon_2018.fts|Mkn501|16 53 52.20|+39 45 37.0|253.4675|39.76027777777778|1028.5680306106658|1018.5088691126207|R_Astrodon_2018|2458677.083460648|180.0|21.4429540324|2.86112148762|72.4777|1.04955100696
63|2019-07-12|ON231-20190712@132023-R_Astrodon_2018.fts|ON231|12 21 31.70|+28 13 59.0|185.3820833333333|28.233055555555556|1023.8301411725195|1001.4705269379501|R_Astrodon_2018|2458677.055833333|180.0|21.252160284|3.42134311199|31.3585|1.94281576631
64|2019-07-13|3C345-20190713@134346-R_Astrodon_2018.fts|3C345|16 42 58.80|+39 48 37.0|250.74499999999995|39.81027777777778|1027.6931886345278|1019.1834288936392|R_Astrodon_2018|2458678.072071759|180.0|20.9386872987|2.01235716939|72.5541|1.04901125543
65|2019-07-13|3C345-20190713@134701-R_Astrodon_2018.fts|3C345|16 42 58.80|+39 48 37.0|250.74499999999995|39.81027777777778|1027.718245957044|1019.3928814786932|R_Astrodon_2018|2458678.074328704|180.0|20.9634900814|2.05245754123|72.3014|1.05060933222
66|2019-07-13|3C371-20190713@140716-R_Astrodon_2018.fts|3C371|18 06 50.70|+69 49 28.0|271.71124999999995|69.82444444444444|1009.7506380508341|1095.8586932455603|R_Astrodon_2018|2458678.0884722224|180.0|21.4142484197|2.78344620466|43.4118|1.45205853111
67|2019-07-13|3C371-20190713@141038-R_Astrodon_2018.fts|3C371|18 06 50.70|+69 49 28.0|271.71124999999995|69.82444444444444|1009.9546046365447|1097.1675856511783|R_Astrodon_2018|2458678.0907291668|180.0|21.4229311008|2.81936830282|43.4576|1.45097529395
68|2019-07-13|4C29-45-20190713@131203-R_Astrodon_2018.fts|4C29-45|11 59 31.80|+29 14 44.0|179.88249999999996|29.245555555555555|-116.56414759981931|988.087509916906|R_Astrodon_2018|2458678.050127315|180.0|20.8821759709|3.36511262655|27.7798|2.171117382
69|2019-07-13|4C29-45-20190713@131544-R_Astrodon_2018.fts|4C29-45|11 59 31.80|+29 14 44.0|179.88249999999996|29.245555555555555|1023.0297320653548|1029.4182540403401|R_Astrodon_2018|2458678.052604167|180.0|20.8471963046|3.35232362747|27.0195|2.23213901041
70|2019-07-13|4C38-41-20190713@133659-R_Astrodon_2018.fts|4C38-41|16 35 15.50|+38 08 04.0|248.81458333333327|38.13444444444444|1025.2855604916415|1019.6532929498762|R_Astrodon_2018|2458678.0673611113|180.0|21.206486444|1.94583261013|74.0109|1.04109308702
71|2019-07-13|4C38-41-20190713@134013-R_Astrodon_2018.fts|4C38-41|16 35 15.50|+38 08 04.0|248.81458333333327|38.13444444444444|1025.245876846253|1019.4941515425677|R_Astrodon_2018|2458678.0696064816|180.0|21.1818767951|2.04324563742|73.7229|1.04273465235
72|2019-07-13|4C51-37-20190713@135945-R_Astrodon_2018.fts|4C51-37|17 40 37.00|+52 11 43.0|265.15416666666664|52.195277777777775|1022.5313014049123|1026.9121205879626|R_Astrodon_2018|2458678.083252315|180.0|21.5764066245|2.49501279593|61.1726|1.14058635694
73|2019-07-13|4C51-37-20190713@140307-R_Astrodon_2018.fts|4C51-37|17 40 37.00|+52 11 43.0|265.15416666666664|52.195277777777775|1022.3498761368357|1028.6091062919825|R_Astrodon_2018|2458678.0854976852|180.0|21.5753924686|2.36764099598|61.2178|1.14020957848
74|2019-07-13|DA406-20190713@132853-R_Astrodon_2018.fts|DA406|16 13 41.00|+34 12 48.0|243.42083333333326|34.21333333333334|1063.152801239188|819.8338806572824|R_Astrodon_2018|2458678.0618287036|180.0|21.2308853508|2.12568176985|75.6718|1.03362137192
75|2019-07-13|DA406-20190713@133243-R_Astrodon_2018.fts|DA406|16 13 41.00|+34 12 48.0|243.42083333333326|34.21333333333334|1062.448452657553|820.8410479308449|R_Astrodon_2018|2458678.064386574|180.0|21.2077849531|2.18813616037|75.1266|1.03635097558
76|2019-07-13|L-Lacertae-20190713@141512-R_Astrodon_2018.fts|L-Lacertae|22 02 43.30|+42 16 40.0|330.68041666666664|42.27777777777778|1140.1738000905455|949.188475303932|R_Astrodon_2018|2458678.0939814816|180.0|21.0776124494|3.53330423832|33.8422|1.77219684838
77|2019-07-13|Mkn501-20190713@135036-R_Astrodon_2018.fts|Mkn501|16 53 52.20|+39 45 37.0|253.4675|39.76027777777778|1026.7546646768706|1019.5101358421113|R_Astrodon_2018|2458678.0768171297|180.0|21.4180221072|2.09804326296|72.8811|1.04704014389
78|2019-07-13|Mkn501-20190713@135351-R_Astrodon_2018.fts|Mkn501|16 53 52.20|+39 45 37.0|253.4675|39.76027777777778|1026.7420894459017|1019.1907088442659|R_Astrodon_2018|2458678.079074074|180.0|21.4363480658|2.20751293898|72.6573|1.04843763779
79|2019-07-13|ON231-20190713@132007-R_Astrodon_2018.fts|ON231|12 21 31.70|+28 13 59.0|185.3820833333333|28.233055555555556|1022.1273817772355|1025.9168352168374|R_Astrodon_2018|2458678.0557175926|180.0|20.7792120346|3.49831508398|30.5446|1.98995119326
80|2019-07-14|3C345-20190714@135841-R_Astrodon_2018.fts|3C345|16 42 58.80|+39 48 37.0|250.74499999999995|39.81027777777778|1028.3084204653524|1021.0609542168058|R_Astrodon_2018|2458679.0824305555|180.0|20.9984799491|2.38361979723|70.7904|1.06043746232
81|2019-07-14|3C345-20190714@140748-R_Astrodon_2018.fts|3C345|16 42 58.80|+39 48 37.0|250.74499999999995|39.81027777777778|1026.8855964665481|1025.0925213752207|R_Astrodon_2018|2458679.0888310187|180.0|20.9570237835|2.44842435122|69.698|1.06808023422
82|2019-07-14|3C371-20190714@143912-R_Astrodon_2018.fts|3C371|18 06 50.70|+69 49 28.0|271.71124999999995|69.82444444444444|1019.5337668752212|1023.5301247227308|R_Astrodon_2018|2458679.1106134257|180.0|21.4309342454|2.25253722668|43.639|1.44764788954
83|2019-07-14|3C371-20190714@144231-R_Astrodon_2018.fts|3C371|18 06 50.70|+69 49 28.0|271.71124999999995|69.82444444444444|1018.1598603233576|1023.1242359758658|R_Astrodon_2018|2458679.1128703705|180.0|21.4273074967|2.05842811465|43.6293|1.44804160521
84|2019-07-14|3C454-3-20190714@150343-R_Astrodon_2018.fts|3C454-3|22 53 57.70|+16 08 54.0|343.49041666666665|16.148333333333333|1059.1071955261912|1059.1530714272067|R_Astrodon_2018|2458679.127638889|180.0|20.555857679|2.42845137119|29.3713|1.99895140297
85|2019-07-14|4C29-45-20190714@124722-R_Astrodon_2018.fts|4C29-45|11 59 31.80|+29 14 44.0|179.88249999999996|29.245555555555555|1052.3863064964735|1048.4429703221087|R_Astrodon_2018|2458679.032986111|180.0|20.6112729327|2.9670725584|32.2233|1.89532669963
86|2019-07-14|4C29-45-20190714@125046-R_Astrodon_2018.fts|4C29-45|11 59 31.80|+29 14 44.0|179.88249999999996|29.245555555555555|1051.721106348025|1051.0895902647624|R_Astrodon_2018|2458679.03525463|180.0|20.6597377808|3.14961361885|31.5217|1.93353168988
87|2019-07-14|4C38-41-20190714@135205-R_Astrodon_2018.fts|4C38-41|16 35 15.50|+38 08 04.0|248.81458333333327|38.13444444444444|1026.0546689348453|1019.9473252496438|R_Astrodon_2018|2458679.0778356483|180.0|21.119771136|2.42228536606|72.0|1.05301181027
88|2019-07-14|4C38-41-20190714@135520-R_Astrodon_2018.fts|4C38-41|16 35 15.50|+38 08 04.0|248.81458333333327|38.13444444444444|1025.8039551818433|1021.2870266949558|R_Astrodon_2018|2458679.0800925926|180.0|21.2533557521|2.32981247902|71.5885|1.05564116351
89|2019-07-14|4C51-37-20190714@141847-R_Astrodon_2018.fts|4C51-37|17 40 37.00|+52 11 43.0|265.15416666666664|52.195277777777775|1029.354538911656|1016.0927940853664|R_Astrodon_2018|2458679.096446759|180.0|21.5921955264|2.31698520184|61.2042|1.14107407413
90|2019-07-14|4C51-37-20190714@142207-R_Astrodon_2018.fts|4C51-37|17 40 37.00|+52 11 43.0|265.15416666666664|52.195277777777775|1028.9179972757963|1015.7217125943442|R_Astrodon_2018|2458679.098703704|180.0|21.5835047098|2.17258413732|61.1543|1.14174399573
91|2019-07-14|CTA102-20190714@145621-R_Astrodon_2018.fts|CTA102|22 32 36.40|+11 43 51.0|338.15166666666664|11.730833333333333|1060.24248381231|1040.8846008499006|R_Astrodon_2018|2458679.122534722|180.0|20.5569415846|2.48788907528|31.1123|1.90049178498
92|2019-07-14|CTA102-20190714@145941-R_Astrodon_2018.fts|CTA102|22 32 36.40|+11 43 51.0|338.15166666666664|11.730833333333333|1059.6660171429862|1038.3909458949279|R_Astrodon_2018|2458679.124791667|180.0|20.5990871709|2.3745203495|31.8596|1.8614186263
93|2019-07-14|DA406-20190714@134434-R_Astrodon_2018.fts|DA406|16 13 41.00|+34 12 48.0|243.42083333333326|34.21333333333334|1058.5003315940826|850.6663418864812|R_Astrodon_2018|2458679.0727083334|180.0|21.2994198287|2.75832328796|72.5391|1.05062880474
94|2019-07-14|DA406-20190714@134759-R_Astrodon_2018.fts|DA406|16 13 41.00|+34 12 48.0|243.42083333333326|34.21333333333334|1057.889525605018|852.2347476350566|R_Astrodon_2018|2458679.0749884257|180.0|21.1656289284|2.86557153463|71.9684|1.0541126592
95|2019-07-14|ES2344+514-20190714@151123-R_Astrodon_2018.fts|ES2344+514|23 47 04.00|+51 42 18.0|356.76666666666665|51.705000000000005|1013.5023324297559|1094.5886371369093|R_Astrodon_2018|2458679.132974537|180.0|21.268586134|2.3462780714|26.8584|2.17776002966
96|2019-07-14|L-Lacertae-20190714@144759-R_Astrodon_2018.fts|L-Lacertae|22 02 43.30|+42 16 40.0|330.68041666666664|42.27777777777778|1023.8065338295804|1024.076699237324|R_Astrodon_2018|2458679.1167129627|180.0|20.2812423321|2.17434616089|40.6387|1.52025696948
97|2019-07-14|L-Lacertae-20190714@145119-R_Astrodon_2018.fts|L-Lacertae|22 02 43.30|+42 16 40.0|330.68041666666664|42.27777777777778|1023.6895078526278|1021.846311281071|R_Astrodon_2018|2458679.1189699075|180.0|20.6433974113|2.18685851097|41.2397|1.50223212723
98|2019-07-14|Mkn501-20190714@141127-R_Astrodon_2018.fts|Mkn501|16 53 52.20|+39 45 37.0|253.4675|39.76027777777778|1021.390286731525|1021.0717458237965|R_Astrodon_2018|2458679.091284722|180.0|21.4265160224|2.5320715189|70.6175|1.06166250061
99|2019-07-14|Mkn501-20190714@141441-R_Astrodon_2018.fts|Mkn501|16 53 52.20|+39 45 37.0|253.4675|39.76027777777778|1021.6276529756992|1021.6354148660048|R_Astrodon_2018|2458679.0935300924|180.0|21.4225948698|2.54699159861|70.2385|1.06429774485
100|2019-07-14|ON231-20190714@125437-R_Astrodon_2018.fts|ON231|12 21 31.70|+28 13 59.0|185.3820833333333|28.233055555555556|1056.3981071476462|1024.9534276969|R_Astrodon_2018|2458679.0380092594|180.0|21.0417264485|3.38734081984|35.2201|1.75119764383
101|2019-07-14|ON231-20190714@125759-R_Astrodon_2018.fts|ON231|12 21 31.70|+28 13 59.0|185.3820833333333|28.233055555555556|1055.8130339297638|1028.3523494149772|R_Astrodon_2018|2458679.0402662037|180.0|21.1983023068|3.04169654846|34.5136|1.78307600251
102|2019-07-15|3C345-20190715@175444-R_Astrodon_2018.fts|3C345|16 42 58.80|+39 48 37.0|250.74499999999995|39.81027777777778|1025.8963930194827|1024.7547581970837|R_Astrodon_2018|2458680.2463425924|180.0|20.3637975548|3.17562664747|28.1277|2.145389559
103|2019-07-15|3C345-20190715@175757-R_Astrodon_2018.fts|3C345|16 42 58.80|+39 48 37.0|250.74499999999995|39.81027777777778|1026.217520739673|1027.9496614400346|R_Astrodon_2018|2458680.248587963|180.0|20.32900802|2.86880387068|27.5118|2.190564738
104|2019-07-15|3C371-20190715@181622-R_Astrodon_2018.fts|3C371|18 06 50.70|+69 49 28.0|271.71124999999995|69.82444444444444|1049.6231561297095|1049.925919448426|R_Astrodon_2018|2458680.261458333|180.0|20.8862403257|3.00292842388|33.2276|1.83232085142
105|2019-07-15|3C371-20190715@181944-R_Astrodon_2018.fts|3C371|18 06 50.70|+69 49 28.0|271.71124999999995|69.82444444444444|1048.351140098556|1051.2723422451138|R_Astrodon_2018|2458680.263715278|180.0|20.9244436264|2.73113669157|32.9695|1.84521829989
106|2019-07-15|3C454-3-20190715@184756-R_Astrodon_2018.fts|3C454-3|22 53 57.70|+16 08 54.0|343.49041666666665|16.148333333333333|1018.5126677352562|1021.4744866432764|R_Astrodon_2018|2458680.283298611|180.0|20.7000141322|2.94075038433|79.9699|1.01421035924
107|2019-07-15|3C454-3-20190715@185110-R_Astrodon_2018.fts|3C454-3|22 53 57.70|+16 08 54.0|343.49041666666665|16.148333333333333|1017.7244915588589|1023.6001050109309|R_Astrodon_2018|2458680.2855439815|180.0|20.6362658974|2.99817278385|80.4744|1.012787581
108|2019-07-15|4C38-41-20190715@174750-R_Astrodon_2018.fts|4C38-41|16 35 15.50|+38 08 04.0|248.81458333333327|38.13444444444444|966.3935407542835|1199.7830223323035|R_Astrodon_2018|2458680.2416319447|180.0|20.7517114002|3.93032194376|27.6978|2.17413230306
109|2019-07-15|4C38-41-20190715@175111-R_Astrodon_2018.fts|4C38-41|16 35 15.50|+38 08 04.0|248.81458333333327|38.13444444444444|966.6372011409383|1201.8730198768833|R_Astrodon_2018|2458680.243888889|180.0|20.6487245086|3.60967189074|27.0656|2.22146229692
110|2019-07-15|4C51-37-20190715@180852-R_Astrodon_2018.fts|4C51-37|17 40 37.00|+52 11 43.0|265.15416666666664|52.195277777777775|1060.6300903692816|983.3982923864043|R_Astrodon_2018|2458680.25625|180.0|21.1857663762|3.0567737937|35.7939|1.72310032732
111|2019-07-15|4C51-37-20190715@181213-R_Astrodon_2018.fts|4C51-37|17 40 37.00|+52 11 43.0|265.15416666666664|52.195277777777775|1059.7609764634108|986.8733368424231|R_Astrodon_2018|2458680.2584953704|180.0|21.2200164872|2.95310354233|35.3008|1.74433690849
112|2019-07-15|CTA102-20190715@184059-R_Astrodon_2018.fts|CTA102|22 32 36.40|+11 43 51.0|338.15166666666664|11.730833333333333|1022.358629984181|1025.6289761502317|R_Astrodon_2018|2458680.2785416665|180.0|21.0055713364|3.34400167465|77.7533|1.02233898387
113|2019-07-15|CTA102-20190715@184420-R_Astrodon_2018.fts|CTA102|22 32 36.40|+11 43 51.0|338.15166666666664|11.730833333333333|1020.9891291621839|1028.7112503795554|R_Astrodon_2018|2458680.280798611|180.0|21.0134135509|3.18935706615|77.9514|1.02170499632
114|2019-07-15|ES2344+514-20190715@190630-R_Astrodon_2018.fts|ES2344+514|23 47 04.00|+51 42 18.0|356.76666666666665|51.705000000000005|1022.4235847792979|1026.2406147214338|R_Astrodon_2018|2458680.296273148|180.0|21.628589004|2.58464406729|59.2367|1.16245554664
115|2019-07-15|ES2344+514-20190715@190954-R_Astrodon_2018.fts|ES2344+514|23 47 04.00|+51 42 18.0|356.76666666666665|51.705000000000005|1021.752738619518|1027.083849270129|R_Astrodon_2018|2458680.2985416665|180.0|21.6767544699|2.62486451864|59.4804|1.15961825177
116|2019-07-15|L-Lacertae-20190715@183143-R_Astrodon_2018.fts|L-Lacertae|22 02 43.30|+42 16 40.0|330.68041666666664|42.27777777777778|1020.077941666707|1024.4347822628208|R_Astrodon_2018|2458680.272083333|180.0|21.4132927338|2.63214892149|71.1514|1.0573357934
117|2019-07-15|L-Lacertae-20190715@183503-R_Astrodon_2018.fts|L-Lacertae|22 02 43.30|+42 16 40.0|330.68041666666664|42.27777777777778|1019.8701977524652|1023.5800455742104|R_Astrodon_2018|2458680.274351852|180.0|21.3940873886|2.6614777565|71.0952|1.05780018359
118|2019-07-15|Mkn501-20190715@180132-R_Astrodon_2018.fts|Mkn501|16 53 52.20|+39 45 37.0|253.4675|39.76027777777778|1028.3700519637925|1019.0247296495249|R_Astrodon_2018|2458680.251076389|180.0|20.8811261831|3.10880490541|28.8924|2.09273859336
119|2019-07-15|Mkn501-20190715@180446-R_Astrodon_2018.fts|Mkn501|16 53 52.20|+39 45 37.0|253.4675|39.76027777777778|1027.7199462823116|1021.7074526357097|R_Astrodon_2018|2458680.2533101854|180.0|20.8894820712|2.97745536566|28.2783|2.13529693009
120|2019-07-15|PKS2155-304-20190715@185701-R_Astrodon_2018.fts|PKS2155-304|21 58 52.00|-30 13 32.0|329.7166666666666|-30.225555555555555|952.0207916536285|990.0231204968085|R_Astrodon_2018|2458680.289675926|180.0|21.2301350739|2.76147998571|35.6482|1.71076649943
121|2019-07-15|PKS2155-304-20190715@190022-R_Astrodon_2018.fts|PKS2155-304|21 58 52.00|-30 13 32.0|329.7166666666666|-30.225555555555555|954.2419693110718|987.8187349133873|R_Astrodon_2018|2458680.29193287|180.0|21.1904567434|2.77619639635|35.5214|1.71634042624
122|2019-07-16|3C273-20190716@130219-R_Astrodon_2018.fts|3C273|12 29 06.70|+02 03 09.0|187.27791666666664|2.0524999999999998|984.2837043393505|1056.649129355866|R_Astrodon_2018|2458681.043275463|180.0|20.1078267704|4.40895814896|25.2617|2.3775216068
123|2019-07-16|3C279-20190716@130622-R_Astrodon_2018.fts|3C279|12 56 11.10|-05 47 22.0|194.04624999999996|-5.789444444444444|978.1265362827475|1038.7326931839907|R_Astrodon_2018|2458681.0461574076|180.0|19.9673845359|4.36485335827|26.7288|2.25246050936
124|2019-07-16|3C279-20190716@130942-R_Astrodon_2018.fts|3C279|12 56 11.10|-05 47 22.0|194.04624999999996|-5.789444444444444|978.6270798319098|1040.22550831927|R_Astrodon_2018|2458681.048414352|180.0|20.1074146247|4.35014443398|26.0254|2.31010309359
125|2019-07-16|3C345-20190716@132803-R_Astrodon_2018.fts|3C345|16 42 58.80|+39 48 37.0|250.74499999999995|39.81027777777778|1027.911704504883|1021.4735559509435|R_Astrodon_2018|2458681.061145833|180.0|20.4096513146|3.63079823256|72.8283|1.04731621444
126|2019-07-16|3C345-20190716@133118-R_Astrodon_2018.fts|3C345|16 42 58.80|+39 48 37.0|250.74499999999995|39.81027777777778|1028.5891239274538|1021.8490299220952|R_Astrodon_2018|2458681.063402778|180.0|20.4246438651|3.451347363|72.6045|1.04871369271
127|2019-07-16|3C371-20190716@141119-R_Astrodon_2018.fts|3C371|18 06 50.70|+69 49 28.0|271.71124999999995|69.82444444444444|1023.7382256132843|1027.9202342538683|R_Astrodon_2018|2458681.091284722|180.0|20.9078598522|3.44828487635|43.5878|1.4481848838
128|2019-07-16|3C371-20190716@141442-R_Astrodon_2018.fts|3C371|18 06 50.70|+69 49 28.0|271.71124999999995|69.82444444444444|1023.8125230926564|1029.259172922879|R_Astrodon_2018|2458681.093553241|180.0|20.926148332|3.25151430368|43.6092|1.4477551213
129|2019-07-16|4C29-45-20190716@124808-R_Astrodon_2018.fts|4C29-45|11 59 31.80|+29 14 44.0|179.88249999999996|29.245555555555555|1051.4252996321272|1057.656813039527|R_Astrodon_2018|2458681.0335069443|180.0|20.9014787329|4.90144648552|30.375|1.99929003258
130|2019-07-16|4C29-45-20190716@125130-R_Astrodon_2018.fts|4C29-45|11 59 31.80|+29 14 44.0|179.88249999999996|29.245555555555555|1051.0189237881025|1061.5116815565534|R_Astrodon_2018|2458681.035763889|180.0|20.779179855|4.63373761177|29.679|2.04251927869
131|2019-07-16|4C38-41-20190716@132129-R_Astrodon_2018.fts|4C38-41|16 35 15.50|+38 08 04.0|248.81458333333327|38.13444444444444|1025.7748441631882|1020.8593367693745|R_Astrodon_2018|2458681.056585648|180.0|20.6809890145|4.30752906799|74.3111|1.03941671375
132|2019-07-16|4C38-41-20190716@132443-R_Astrodon_2018.fts|4C38-41|16 35 15.50|+38 08 04.0|248.81458333333327|38.13444444444444|1025.8002334279047|1021.1086370180288|R_Astrodon_2018|2458681.0588310184|180.0|20.6237854836|4.04026312828|74.0522|1.04087756072
133|2019-07-16|4C51-37-20190716@134950-R_Astrodon_2018.fts|4C51-37|17 40 37.00|+52 11 43.0|265.15416666666664|52.195277777777775|1023.3933576727118|1030.8213489361435|R_Astrodon_2018|2458681.076365741|180.0|21.1854299347|3.19755653143|61.2005|1.14035582317
134|2019-07-16|4C51-37-20190716@140534-R_Astrodon_2018.fts|4C51-37|17 40 37.00|+52 11 43.0|265.15416666666664|52.195277777777775|1019.8057216001813|1023.7253007666985|R_Astrodon_2018|2458681.087291667|180.0|21.1588057966|3.42055904865|61.2569|1.14032513388
135|2019-07-16|DA406-20190716@131422-R_Astrodon_2018.fts|DA406|16 13 41.00|+34 12 48.0|243.42083333333326|34.21333333333334|1101.1279148144724|823.2986491582649|R_Astrodon_2018|2458681.051724537|180.0|20.8508864348|3.81747492552|76.0631|1.03171847841
136|2019-07-16|DA406-20190716@131746-R_Astrodon_2018.fts|DA406|16 13 41.00|+34 12 48.0|243.42083333333326|34.21333333333334|1101.8469964971966|824.5252726802788|R_Astrodon_2018|2458681.0540046296|180.0|20.7450349914|4.16795473099|75.595|1.03399087603
137|2019-07-16|L-Lacertae-20190716@141906-R_Astrodon_2018.fts|L-Lacertae|22 02 43.30|+42 16 40.0|330.68041666666664|42.27777777777778|1137.650164108541|941.1103143921212|R_Astrodon_2018|2458681.0966898147|180.0|21.1294212016|4.44846184254|36.7528|1.65219880139
138|2019-07-16|L-Lacertae-20190716@142230-R_Astrodon_2018.fts|L-Lacertae|22 02 43.30|+42 16 40.0|330.68041666666664|42.27777777777778|330.68041666666664|42.27777777777778|R_Astrodon_2018|2458681.0989583335|180.0|-9999|-9999|37.3587|1.62973133835
139|2019-07-16|Mkn501-20190716@133440-R_Astrodon_2018.fts|Mkn501|16 53 52.20|+39 45 37.0|253.4675|39.76027777777778|1026.483655776395|1022.6113764930286|R_Astrodon_2018|2458681.065740741|180.0|20.942711123|3.64962333441|73.1306|1.04550707574
140|2019-07-16|Mkn501-20190716@133755-R_Astrodon_2018.fts|Mkn501|16 53 52.20|+39 45 37.0|253.4675|39.76027777777778|1027.5089454786673|1022.8931779209332|R_Astrodon_2018|2458681.068009259|180.0|20.9395664783|3.73780056238|72.9379|1.04670252244
141|2019-07-16|ON231-20190716@125521-R_Astrodon_2018.fts|ON231|12 21 31.70|+28 13 59.0|185.3820833333333|28.233055555555556|1025.8638195026547|999.5394736139107|R_Astrodon_2018|2458681.03849537|180.0|20.8143940372|4.76129837036|33.36|1.83790744868
142|2019-07-16|ON231-20190716@125841-R_Astrodon_2018.fts|ON231|12 21 31.70|+28 13 59.0|185.3820833333333|28.233055555555556|1025.3003632257048|1004.7350319179745|R_Astrodon_2018|2458681.040763889|180.0|20.8803508963|4.67635657787|32.6517|1.87376381771
143|2019-07-17|3C345-20190717@150508-R_Astrodon_2018.fts|3C345|16 42 58.80|+39 48 37.0|250.74499999999995|39.81027777777778|1029.4965597477662|1014.769903337183|R_Astrodon_2018|2458682.128576389|180.0|20.7011424836|5.92503585815|58.7957|1.17393355611
144|2019-07-17|3C345-20190717@150822-R_Astrodon_2018.fts|3C345|16 42 58.80|+39 48 37.0|250.74499999999995|39.81027777777778|1028.7298320567363|1017.3068717708286|R_Astrodon_2018|2458682.1308217593|180.0|20.7817421906|5.20308506489|58.2168|1.18142096864
145|2019-07-17|3C371-20190717@153442-R_Astrodon_2018.fts|3C371|18 06 50.70|+69 49 28.0|271.71124999999995|69.82444444444444|1043.6779167287164|1042.1873972933174|R_Astrodon_2018|2458682.149189815|180.0|21.3496112415|4.85641658306|42.4246|1.4833937927
146|2019-07-17|3C371-20190717@153804-R_Astrodon_2018.fts|3C371|18 06 50.70|+69 49 28.0|271.71124999999995|69.82444444444444|1042.658539947896|1041.936176463058|R_Astrodon_2018|2458682.1514467592|180.0|21.0376449591|4.64460983276|42.3141|1.48667662433
147|2019-07-17|4C38-41-20190717@145821-R_Astrodon_2018.fts|4C38-41|16 35 15.50|+38 08 04.0|248.81458333333327|38.13444444444444|1027.5673048052681|1014.3585587293794|R_Astrodon_2018|2458682.123865741|180.0|20.9726759991|6.1355597496|59.2185|1.16883466921
148|2019-07-17|4C38-41-20190717@150135-R_Astrodon_2018.fts|4C38-41|16 35 15.50|+38 08 04.0|248.81458333333327|38.13444444444444|1027.253568815456|1016.6533669303699|R_Astrodon_2018|2458682.126111111|180.0|21.1113168721|5.41892180443|58.6149|1.1765104577
149|2019-07-17|4C51-37-20190717@151917-R_Astrodon_2018.fts|4C51-37|17 40 37.00|+52 11 43.0|265.15416666666664|52.195277777777775|1043.8120538918809|997.0869796032209|R_Astrodon_2018|2458682.1384837963|180.0|20.7508225325|4.74743578434|57.193|1.19246423808
150|2019-07-17|4C51-37-20190717@153024-R_Astrodon_2018.fts|4C51-37|17 40 37.00|+52 11 43.0|265.15416666666664|52.195277777777775|1042.2791236951928|1002.2703712060213|R_Astrodon_2018|2458682.1461921297|180.0|21.4191007747|5.6977616787|56.1209|1.20770778896
151|2019-07-17|CTA102-20190717@155111-R_Astrodon_2018.fts|CTA102|22 32 36.40|+11 43 51.0|338.15166666666664|11.730833333333333|1067.7968596797532|1032.7461566703992|R_Astrodon_2018|2458682.160613426|180.0|20.314571758|6.18260569572|46.3892|1.36774764131
152|2019-07-17|CTA102-20190717@155431-R_Astrodon_2018.fts|CTA102|22 32 36.40|+11 43 51.0|338.15166666666664|11.730833333333333|1066.8994949511414|1030.0884460227423|R_Astrodon_2018|2458682.1628587963|180.0|20.6979120207|6.26537966728|47.1256|1.35149416992
153|2019-07-17|DA406-20190717@145126-R_Astrodon_2018.fts|DA406|16 13 41.00|+34 12 48.0|243.42083333333326|34.21333333333334|1105.3373899114965|909.3056318182457|R_Astrodon_2018|2458682.1191319446|180.0|21.2014161827|5.83822824955|57.3087|1.19437438314
154|2019-07-17|DA406-20190717@145448-R_Astrodon_2018.fts|DA406|16 13 41.00|+34 12 48.0|243.42083333333326|34.21333333333334|1104.6510474569561|912.7970402862059|R_Astrodon_2018|2458682.121388889|180.0|21.1036626417|6.22524135113|56.6439|1.20365113818
155|2019-07-17|KS1510-08-20190717@144342-R_Astrodon_2018.fts|KS1510-08|15 12 50.50|-09 06 00.0|228.21041666666665|-9.1|1019.1448540194772|1033.4936541708025|R_Astrodon_2018|2458682.11375|180.0|20.5483381089|6.87137598991|32.2891|1.89035555655
156|2019-07-17|KS1510-08-20190717@144701-R_Astrodon_2018.fts|KS1510-08|15 12 50.50|-09 06 00.0|228.21041666666665|-9.1|1019.8960662601464|1035.257876479726|R_Astrodon_2018|2458682.1159953703|180.0|20.4466647094|7.1841029644|31.6345|1.92612253884
157|2019-07-17|L-Lacertae-20190717@154332-R_Astrodon_2018.fts|L-Lacertae|22 02 43.30|+42 16 40.0|330.68041666666664|42.27777777777778|1022.4670143077675|1026.3647655686996|R_Astrodon_2018|2458682.155324074|180.0|20.514039492|4.39225244522|52.8916|1.24701425834
158|2019-07-17|L-Lacertae-20190717@154654-R_Astrodon_2018.fts|L-Lacertae|22 02 43.30|+42 16 40.0|330.68041666666664|42.27777777777778|1022.0448478192072|1025.2680918192289|R_Astrodon_2018|2458682.1575694443|180.0|21.3753784574|5.97367036343|53.4606|1.23789715545
159|2019-07-17|Mkn501-20190717@151155-R_Astrodon_2018.fts|Mkn501|16 53 52.20|+39 45 37.0|253.4675|39.76027777777778|1029.2124485187373|1011.9332665961601|R_Astrodon_2018|2458682.133275463|180.0|21.3148830769|5.39911262989|59.543|1.16471582631
160|2019-07-17|Mkn501-20190717@151509-R_Astrodon_2018.fts|Mkn501|16 53 52.20|+39 45 37.0|253.4675|39.76027777777778|1028.82485259705|1014.5050448684724|R_Astrodon_2018|2458682.1355324076|180.0|21.1121461752|5.5336877346|58.9651|1.17191529469
161|2019-07-22|3C371-20190722@190134-R_Astrodon_2018.fts|3C371|18 06 50.70|+69 49 28.0|271.71124999999995|69.82444444444444|1023.136874108939|1026.4308408128597|R_Astrodon_2018|2458687.292847222|180.0|21.2580451181|2.67091608047|27.1678|2.20146852198
162|2019-07-22|3C371-20190722@190456-R_Astrodon_2018.fts|3C371|18 06 50.70|+69 49 28.0|271.71124999999995|69.82444444444444|1022.6854370243631|1027.222961194115|R_Astrodon_2018|2458687.2950925925|180.0|21.2696569531|2.66383515596|26.8894|2.22275859174
163|2019-07-22|3C454-3-20190722@192517-R_Astrodon_2018.fts|3C454-3|22 53 57.70|+16 08 54.0|343.49041666666665|16.148333333333333|1033.3615210798873|1011.3452848667713|R_Astrodon_2018|2458687.309236111|180.0|20.8446181271|2.30807417631|78.8371|1.02037151733
164|2019-07-22|3C454-3-20190722@192832-R_Astrodon_2018.fts|3C454-3|22 53 57.70|+16 08 54.0|343.49041666666665|16.148333333333333|1033.869926633551|1011.3126753103901|R_Astrodon_2018|2458687.3114814814|180.0|20.8373950388|2.38090662956|78.2515|1.02262844075
165|2019-07-22|3C66A-20190722@195726-R_Astrodon_2018.fts|3C66A|02 22 39.60|+43 02 08.0|35.665|43.035555555555554|1021.1378616303704|1024.5820219373898|R_Astrodon_2018|2458687.3316087965|180.0|21.6415231167|2.24904315472|55.0964|1.21442925368
166|2019-07-22|3C66A-20190722@200047-R_Astrodon_2018.fts|3C66A|02 22 39.60|+43 02 08.0|35.665|43.035555555555554|1020.7111861119956|1023.9868569420054|R_Astrodon_2018|2458687.333877315|180.0|21.6471436594|2.34429442883|55.6467|1.20652135283
167|2019-07-22|AO0235+16-20190722@200503-R_Astrodon_2018.fts|AO0235+16|02 38 38.90|+16 36 59.0|39.66208333333333|16.616388888888892|1059.6088590403278|1012.4543281895097|R_Astrodon_2018|2458687.3369328706|180.0|21.7171946963|2.39960490465|54.4839|1.22042447162
168|2019-07-22|AO0235+16-20190722@200825-R_Astrodon_2018.fts|AO0235+16|02 38 38.90|+16 36 59.0|39.66208333333333|16.616388888888892|1058.656258108368|1010.9694797332722|R_Astrodon_2018|2458687.339189815|180.0|21.7235261801|2.30861649513|55.2292|1.20955308963
169|2019-07-22|CTA102-20190722@191806-R_Astrodon_2018.fts|CTA102|22 32 36.40|+11 43 51.0|338.15166666666664|11.730833333333333|958.1456249630866|1072.6129330649492|R_Astrodon_2018|2458687.304328704|180.0|21.1880594599|2.43961538076|73.2722|1.04562369761
170|2019-07-22|CTA102-20190722@192141-R_Astrodon_2018.fts|CTA102|22 32 36.40|+11 43 51.0|338.15166666666664|11.730833333333333|959.402604367411|1072.8116025521542|R_Astrodon_2018|2458687.306724537|180.0|21.1906268615|2.34179054499|72.677|1.04910748245
171|2019-07-22|ES2344+514-20190722@194820-R_Astrodon_2018.fts|ES2344+514|23 47 04.00|+51 42 18.0|356.76666666666665|51.705000000000005|1020.4183383103363|1023.168883544011|R_Astrodon_2018|2458687.325324074|180.0|21.6880563174|2.43667048216|61.7401|1.13626643543
172|2019-07-22|ES2344+514-20190722@195143-R_Astrodon_2018.fts|ES2344+514|23 47 04.00|+51 42 18.0|356.76666666666665|51.705000000000005|1019.6104813337416|1022.6497252087845|R_Astrodon_2018|2458687.3275810187|180.0|21.6962426915|2.53190191984|61.7076|1.136713302
173|2019-07-22|L-Lacertae-20190722@190945-R_Astrodon_2018.fts|L-Lacertae|22 02 43.30|+42 16 40.0|330.68041666666664|42.27777777777778|1023.1405937750709|1025.0462210238395|R_Astrodon_2018|2458687.2985300925|180.0|21.50778741|2.51119439602|66.0218|1.09731191738
174|2019-07-22|L-Lacertae-20190722@191307-R_Astrodon_2018.fts|L-Lacertae|22 02 43.30|+42 16 40.0|330.68041666666664|42.27777777777778|1023.0041227224866|1026.1925841375864|R_Astrodon_2018|2458687.3007870372|180.0|21.503693963|2.35966953039|65.5977|1.10109865557
175|2019-07-22|PKS2155-304-20190722@193257-R_Astrodon_2018.fts|PKS2155-304|21 58 52.00|-30 13 32.0|329.7166666666666|-30.225555555555555|970.5342680802146|1193.3355693956025|R_Astrodon_2018|2458687.3146180557|180.0|21.2376840836|2.53711591959|31.3105|1.92291494454
176|2019-07-22|PKS2155-304-20190722@193617-R_Astrodon_2018.fts|PKS2155-304|21 58 52.00|-30 13 32.0|329.7166666666666|-30.225555555555555|972.5336442203417|1192.3772896198288|R_Astrodon_2018|2458687.316875|180.0|21.2447788243|2.42885044813|30.9905|1.94107043907
177|2019-07-23|3C371-20190723@190547-R_Astrodon_2018.fts|3C371|18 06 50.70|+69 49 28.0|271.71124999999995|69.82444444444444|1021.867101820796|1026.0828695290256|R_Astrodon_2018|2458688.295752315|180.0|21.2751782247|2.40066639185|26.4685|2.25540482593
178|2019-07-23|3C371-20190723@190907-R_Astrodon_2018.fts|3C371|18 06 50.70|+69 49 28.0|271.71124999999995|69.82444444444444|1021.3557010920639|1027.1406751139762|R_Astrodon_2018|2458688.297997685|180.0|21.2816568263|2.34728614092|26.1895|2.27791288145
179|2019-07-23|3C454-3-20190723@192928-R_Astrodon_2018.fts|3C454-3|22 53 57.70|+16 08 54.0|343.49041666666665|16.148333333333333|1032.0462533305417|1010.3263045348627|R_Astrodon_2018|2458688.312141204|180.0|20.9046663114|1.83304965496|77.332|1.02633287846
180|2019-07-23|3C454-3-20190723@193243-R_Astrodon_2018.fts|3C454-3|22 53 57.70|+16 08 54.0|343.49041666666665|16.148333333333333|1032.4351193809764|1010.2251454988016|R_Astrodon_2018|2458688.314386574|180.0|20.904602942|1.85917208791|76.7033|1.02907974943
181|2019-07-23|3C66A-20190723@195447-R_Astrodon_2018.fts|3C66A|02 22 39.60|+43 02 08.0|35.665|43.035555555555554|1022.1145574635657|1024.8820647151201|R_Astrodon_2018|2458688.3297685185|180.0|21.6262368507|1.89331552982|55.3128|1.21133690406
182|2019-07-23|3C66A-20190723@195807-R_Astrodon_2018.fts|3C66A|02 22 39.60|+43 02 08.0|35.665|43.035555555555554|1021.6913764030955|1024.0711932369506|R_Astrodon_2018|2458688.3320370372|180.0|21.6256429634|1.91943885684|55.8617|1.20354776926
183|2019-07-23|AO0235+16-20190723@200222-R_Astrodon_2018.fts|AO0235+16|02 38 38.90|+16 36 59.0|39.66208333333333|16.616388888888892|1061.164003573045|1011.6483755993404|R_Astrodon_2018|2458688.3350462965|180.0|21.7013000469|2.16115143299|54.7626|1.21631217412
184|2019-07-23|AO0235+16-20190723@200542-R_Astrodon_2018.fts|AO0235+16|02 38 38.90|+16 36 59.0|39.66208333333333|16.616388888888892|1060.0526973956487|1009.9157649375619|R_Astrodon_2018|2458688.337303241|180.0|21.7110050997|1.96404435635|55.5077|1.20559752375
185|2019-07-23|CTA102-20190723@192217-R_Astrodon_2018.fts|CTA102|22 32 36.40|+11 43 51.0|338.15166666666664|11.730833333333333|957.5953129697116|1067.2308880094204|R_Astrodon_2018|2458688.3072222224|180.0|21.2346773757|1.90792959332|71.847|1.05414239203
186|2019-07-23|CTA102-20190723@192553-R_Astrodon_2018.fts|CTA102|22 32 36.40|+11 43 51.0|338.15166666666664|11.730833333333333|958.641995345605|1068.0547855851291|R_Astrodon_2018|2458688.309652778|180.0|21.2340304999|1.81204254031|71.2032|1.05823989428
187|2019-07-23|ES2344+514-20190723@194530-R_Astrodon_2018.fts|ES2344+514|23 47 04.00|+51 42 18.0|356.76666666666665|51.705000000000005|1155.3734024578507|863.4902063286769|R_Astrodon_2018|2458688.3233333332|180.0|21.6986515146|1.96126745939|61.731|1.13611471011
188|2019-07-23|ES2344+514-20190723@194906-R_Astrodon_2018.fts|ES2344+514|23 47 04.00|+51 42 18.0|356.76666666666665|51.705000000000005|1155.394934008187|863.2798773184888|R_Astrodon_2018|2458688.3257638887|180.0|21.6979507817|1.92192837|61.6905|1.13666638857
189|2019-07-23|L-Lacertae-20190723@191359-R_Astrodon_2018.fts|L-Lacertae|22 02 43.30|+42 16 40.0|330.68041666666664|42.27777777777778|1023.2576398891438|1024.4778514827128|R_Astrodon_2018|2458688.301446759|180.0|21.4882660769|1.90514407158|64.9402|1.10707832326
190|2019-07-23|L-Lacertae-20190723@191720-R_Astrodon_2018.fts|L-Lacertae|22 02 43.30|+42 16 40.0|330.68041666666664|42.27777777777778|1023.0331469594191|1025.6858591128994|R_Astrodon_2018|2458688.303715278|180.0|21.4880153177|1.92344326973|64.4875|1.11133066802
191|2019-07-23|PKS2155-304-20190723@193708-R_Astrodon_2018.fts|PKS2155-304|21 58 52.00|-30 13 32.0|329.7166666666666|-30.225555555555555|964.275840488619|1194.5253707864017|R_Astrodon_2018|2458688.317511574|180.0|21.2340405008|2.42255051136|30.4973|1.96957826538
192|2019-07-23|PKS2155-304-20190723@194028-R_Astrodon_2018.fts|PKS2155-304|21 58 52.00|-30 13 32.0|329.7166666666666|-30.225555555555555|966.0360267926833|1193.7902833438532|R_Astrodon_2018|2458688.3197800927|180.0|21.2471718488|2.27007462978|30.1545|1.99009174167
193|2019-07-26|3C345-20190726@134756-R_Astrodon_2018.fts|3C345|16 42 58.80|+39 48 37.0|250.74499999999995|39.81027777777778|1030.5366505522743|1015.0939504542289|R_Astrodon_2018|2458691.0749652777|180.0|20.7399766544|2.73252726793|65.8416|1.09886261731
194|2019-07-26|3C345-20190726@135110-R_Astrodon_2018.fts|3C345|16 42 58.80|+39 48 37.0|250.74499999999995|39.81027777777778|1030.5066701373457|1016.7654347231327|R_Astrodon_2018|2458691.077199074|180.0|20.6514368339|2.79684802294|65.3379|1.10343848168
195|2019-07-26|3C371-20190726@140947-R_Astrodon_2018.fts|3C371|18 06 50.70|+69 49 28.0|271.71124999999995|69.82444444444444|1041.8255524587973|1040.0526367872842|R_Astrodon_2018|2458691.0901967594|180.0|21.376071075|2.14540697932|43.5239|1.45132281162
196|2019-07-26|3C371-20190726@141307-R_Astrodon_2018.fts|3C371|18 06 50.70|+69 49 28.0|271.71124999999995|69.82444444444444|1041.785377128642|1039.6328002420182|R_Astrodon_2018|2458691.0924421297|180.0|21.2033676817|2.13386019468|43.4868|1.45244905432
197|2019-07-26|4C38-41-20190726@134110-R_Astrodon_2018.fts|4C38-41|16 35 15.50|+38 08 04.0|248.81458333333327|38.13444444444444|1027.4120991061807|1014.9393220992322|R_Astrodon_2018|2458691.0702546295|180.0|20.8802410834|2.82570580244|66.6438|1.09221468663
198|2019-07-26|4C38-41-20190726@134424-R_Astrodon_2018.fts|4C38-41|16 35 15.50|+38 08 04.0|248.81458333333327|38.13444444444444|1027.4164904256743|1017.0357065192676|R_Astrodon_2018|2458691.0725115743|180.0|20.9244445068|2.82931922674|66.101|1.09689685461
199|2019-07-26|4C51-37-20190726@140219-R_Astrodon_2018.fts|4C51-37|17 40 37.00|+52 11 43.0|265.15416666666664|52.195277777777775|1041.0156595219012|1004.3977887922903|R_Astrodon_2018|2458691.085|180.0|21.0493119927|2.42794436216|60.2111|1.15334919359
200|2019-07-26|4C51-37-20190726@140538-R_Astrodon_2018.fts|4C51-37|17 40 37.00|+52 11 43.0|265.15416666666664|52.195277777777775|1040.8987303756974|1004.7972633201388|R_Astrodon_2018|2458691.0872569443|180.0|21.3180234372|2.31326216459|60.0402|1.15545663676
201|2019-07-26|DA406-20190726@133412-R_Astrodon_2018.fts|DA406|16 13 41.00|+34 12 48.0|243.42083333333326|34.21333333333334|1111.6103620428155|911.1783630587684|R_Astrodon_2018|2458691.0655092592|180.0|21.085750903|3.0512784481|65.7013|1.10102999452
202|2019-07-26|DA406-20190726@133735-R_Astrodon_2018.fts|DA406|16 13 41.00|+34 12 48.0|243.42083333333326|34.21333333333334|1110.9836036606832|913.2162229514284|R_Astrodon_2018|2458691.0677662035|180.0|21.0436614|2.71445034742|65.0648|1.10682362509
203|2019-07-26|KS1510-08-20190726@132628-R_Astrodon_2018.fts|KS1510-08|15 12 50.50|-09 06 00.0|228.21041666666665|-9.1|940.2613323723451|973.7097188102932|R_Astrodon_2018|2458691.0601157406|180.0|20.4998575603|2.7285077095|40.4057|1.55385117004
204|2019-07-26|KS1510-08-20190726@132947-R_Astrodon_2018.fts|KS1510-08|15 12 50.50|-09 06 00.0|228.21041666666665|-9.1|941.5732641932361|975.177338019487|R_Astrodon_2018|2458691.062361111|180.0|20.4782806738|2.78653548956|39.806|1.57372947172
205|2019-07-26|Mkn501-20190726@135443-R_Astrodon_2018.fts|Mkn501|16 53 52.20|+39 45 37.0|253.4675|39.76027777777778|1029.148071695076|1013.4846910825208|R_Astrodon_2018|2458691.079675926|180.0|21.1864827548|2.74572553635|66.4983|1.09320623203
206|2019-07-26|Mkn501-20190726@135758-R_Astrodon_2018.fts|Mkn501|16 53 52.20|+39 45 37.0|253.4675|39.76027777777778|1029.2424648391184|1014.8074790954125|R_Astrodon_2018|2458691.08193287|180.0|21.0195213843|2.82347795963|65.9995|1.09757289413
207|2019-07-28|3C345-20190728@140513-R_Astrodon_2018.fts|3C345|16 42 58.80|+39 48 37.0|250.74499999999995|39.81027777777778|1032.308885299136|1012.3170114573185|R_Astrodon_2018|2458693.0869675926|180.0|20.8459588234|3.44483639002|61.7155|1.13958925013
208|2019-07-28|3C345-20190728@140828-R_Astrodon_2018.fts|3C345|16 42 58.80|+39 48 37.0|250.74499999999995|39.81027777777778|1031.8818484828696|1014.0046410587659|R_Astrodon_2018|2458693.089212963|180.0|20.884805231|3.26617096663|61.1585|1.14581856105
209|2019-07-28|4C38-41-20190728@135828-R_Astrodon_2018.fts|4C38-41|16 35 15.50|+38 08 04.0|248.81458333333327|38.13444444444444|1030.008197896234|1012.4277453909558|R_Astrodon_2018|2458693.0822685184|180.0|20.9785502904|3.46544741392|62.2725|1.13381043195
210|2019-07-28|4C38-41-20190728@140141-R_Astrodon_2018.fts|4C38-41|16 35 15.50|+38 08 04.0|248.81458333333327|38.13444444444444|1029.2116529513953|1014.334937745357|R_Astrodon_2018|2458693.0845138887|180.0|21.0930897854|3.4899651885|61.6875|1.14015388419
211|2019-07-28|4C51-37-20190728@144506-R_Astrodon_2018.fts|4C51-37|17 40 37.00|+52 11 43.0|265.15416666666664|52.195277777777775|265.15416666666664|52.195277777777775|R_Astrodon_2018|2458693.114722222|180.0|-9999|-9999|56.3278|1.20466539028
212|2019-07-28|4C51-37-20190728@144824-R_Astrodon_2018.fts|4C51-37|17 40 37.00|+52 11 43.0|265.15416666666664|52.195277777777775|265.15416666666664|52.195277777777775|R_Astrodon_2018|2458693.1169560184|180.0|-9999|-9999|56.0043|1.20937792361
213|2019-07-28|DA406-20190728@135136-R_Astrodon_2018.fts|DA406|16 13 41.00|+34 12 48.0|243.42083333333326|34.21333333333334|1111.5351244803812|908.4633986597453|R_Astrodon_2018|2458693.07755787|180.0|20.9656744731|3.29270888567|60.6853|1.15202874803
214|2019-07-28|DA406-20190728@135456-R_Astrodon_2018.fts|DA406|16 13 41.00|+34 12 48.0|243.42083333333326|34.21333333333334|1111.0495666172646|910.8168369340285|R_Astrodon_2018|2458693.079826389|180.0|21.1585435882|3.37068790197|60.0249|1.15978401478
215|2019-07-28|KS1510-08-20190728@134351-R_Astrodon_2018.fts|KS1510-08|15 12 50.50|-09 06 00.0|228.21041666666665|-9.1|1023.8164810830054|1034.2185306295887|R_Astrodon_2018|2458693.072199074|180.0|20.198434458|3.78480625153|35.5904|1.73326179843
216|2019-07-28|KS1510-08-20190728@134711-R_Astrodon_2018.fts|KS1510-08|15 12 50.50|-09 06 00.0|228.21041666666665|-9.1|1024.8561474606608|1035.8576885643652|R_Astrodon_2018|2458693.0744444444|180.0|20.7347442371|3.67150743008|34.9545|1.7613250126
217|2019-07-28|Mkn501-20190728@141202-R_Astrodon_2018.fts|Mkn501|16 53 52.20|+39 45 37.0|253.4675|39.76027777777778|253.4675|39.76027777777778|R_Astrodon_2018|2458693.091689815|180.0|-9999|-9999|62.4314|1.13192575693
218|2019-07-28|Mkn501-20190728@143655-R_Astrodon_2018.fts|Mkn501|16 53 52.20|+39 45 37.0|253.4675|39.76027777777778|1069.5331006767076|821.9331443301401|R_Astrodon_2018|2458693.109039352|180.0|20.6476498573|3.61993312836|58.0507|1.18408435348
219|2019-07-28|Mkn501-20190728@144015-R_Astrodon_2018.fts|Mkn501|16 53 52.20|+39 45 37.0|253.4675|39.76027777777778|1069.2377932840077|824.3300828669585|R_Astrodon_2018|2458693.111296296|180.0|19.7816568724|3.72645901442|57.4635|1.19201408864
220|2019-07-29|3C345-20190729@133241-R_Astrodon_2018.fts|3C345|16 42 58.80|+39 48 37.0|250.74499999999995|39.81027777777778|1029.1133935358534|1015.7161419553368|R_Astrodon_2018|2458694.064375|180.0|20.9413485765|4.28321641684|66.3729|1.09425135809
221|2019-07-29|3C345-20190729@133556-R_Astrodon_2018.fts|3C345|16 42 58.80|+39 48 37.0|250.74499999999995|39.81027777777778|1028.829141872753|1017.3673738686974|R_Astrodon_2018|2458694.0666319444|180.0|20.955089293|4.04007395506|65.8733|1.0986287807
222|2019-07-29|4C38-41-20190729@132552-R_Astrodon_2018.fts|4C38-41|16 35 15.50|+38 08 04.0|248.81458333333327|38.13444444444444|1027.3111081264844|1014.7007265409325|R_Astrodon_2018|2458694.059641204|180.0|21.1994723491|3.94817253351|67.2176|1.08743560984
223|2019-07-29|4C38-41-20190729@132907-R_Astrodon_2018.fts|4C38-41|16 35 15.50|+38 08 04.0|248.81458333333327|38.13444444444444|1027.1177588934938|1016.5821471610003|R_Astrodon_2018|2458694.061886574|180.0|21.1947229966|4.16061745882|66.686|1.09190743705
224|2019-07-29|4C51-37-20190729@134704-R_Astrodon_2018.fts|4C51-37|17 40 37.00|+52 11 43.0|265.15416666666664|52.195277777777775|1039.2591264043422|1006.4383471018293|R_Astrodon_2018|2458694.0744444444|180.0|21.5516051498|4.33702392578|60.3771|1.15132080707
225|2019-07-29|4C51-37-20190729@135040-R_Astrodon_2018.fts|4C51-37|17 40 37.00|+52 11 43.0|265.15416666666664|52.195277777777775|1039.0157715612218|1006.5299896102141|R_Astrodon_2018|2458694.076851852|180.0|21.5492890316|4.2783665657|60.208|1.15339884891
226|2019-07-29|DA406-20190729@131854-R_Astrodon_2018.fts|DA406|16 13 41.00|+34 12 48.0|243.42083333333326|34.21333333333334|1111.1865570573545|916.4675410870736|R_Astrodon_2018|2458694.054884259|180.0|21.35904263|4.46142981052|66.3834|1.09505224803
227|2019-07-29|DA406-20190729@132217-R_Astrodon_2018.fts|DA406|16 13 41.00|+34 12 48.0|243.42083333333326|34.21333333333334|1110.5369833601349|918.2820801540187|R_Astrodon_2018|2458694.057152778|180.0|21.3222412366|4.04895807505|65.7477|1.10064463802
228|2019-07-29|KS1510-08-20190729@131105-R_Astrodon_2018.fts|KS1510-08|15 12 50.50|-09 06 00.0|228.21041666666665|-9.1|999.0785799504633|846.5211151682108|R_Astrodon_2018|2458694.0494444445|180.0|21.1349149318|3.83314716816|41.0618|1.53402953997
229|2019-07-29|KS1510-08-20190729@131427-R_Astrodon_2018.fts|KS1510-08|15 12 50.50|-09 06 00.0|228.21041666666665|-9.1|999.7844218003344|849.0270746706658|R_Astrodon_2018|2458694.051701389|180.0|21.1682958215|3.58972167969|40.465|1.55312937108
230|2019-07-29|Mkn501-20190729@133929-R_Astrodon_2018.fts|Mkn501|16 53 52.20|+39 45 37.0|253.4675|39.76027777777778|1028.0767108938524|1014.8382525110493|R_Astrodon_2018|2458694.0690972223|180.0|20.8480818852|4.52148869038|67.0157|1.08884573045
231|2019-07-29|Mkn501-20190729@134243-R_Astrodon_2018.fts|Mkn501|16 53 52.20|+39 45 37.0|253.4675|39.76027777777778|1027.9226221138401|1016.1777477946024|R_Astrodon_2018|2458694.0713425926|180.0|21.3857431652|4.45781471729|66.5294|1.09298140698
232|2019-07-29|ON231-20190729@130316-R_Astrodon_2018.fts|ON231|12 21 31.70|+28 13 59.0|185.3820833333333|28.233055555555556|1036.7126296453912|1120.8886191324495|R_Astrodon_2018|2458694.044039352|180.0|20.8919673028|5.51954977512|20.675|2.8714178647
233|2019-07-30|3C345-20190730@130734-R_Astrodon_2018.fts|3C345|16 42 58.80|+39 48 37.0|250.74499999999995|39.81027777777778|1028.3684046305714|1017.2358880833028|R_Astrodon_2018|2458695.0469212965|180.0|21.0416588576|2.80018327236|69.3725|1.07043056387
234|2019-07-30|3C345-20190730@131048-R_Astrodon_2018.fts|3C345|16 42 58.80|+39 48 37.0|250.74499999999995|39.81027777777778|1027.9608019335642|1018.1096672491927|R_Astrodon_2018|2458695.049178241|180.0|21.0150518821|3.12383924723|68.9463|1.07359446636
235|2019-07-30|3C371-20190730@133628-R_Astrodon_2018.fts|3C371|18 06 50.70|+69 49 28.0|271.71124999999995|69.82444444444444|1019.8467419875303|1023.1586490731731|R_Astrodon_2018|2458695.067083333|180.0|21.5058692736|3.24156615734|43.6385|1.44770403728
236|2019-07-30|3C371-20190730@133950-R_Astrodon_2018.fts|3C371|18 06 50.70|+69 49 28.0|271.71124999999995|69.82444444444444|1018.5479632289224|1022.806824829015|R_Astrodon_2018|2458695.069328704|180.0|21.4985422839|3.33138979673|43.6285|1.44810630734
237|2019-07-30|4C38-41-20190730@130049-R_Astrodon_2018.fts|4C38-41|16 35 15.50|+38 08 04.0|248.81458333333327|38.13444444444444|1026.1497295880997|1016.9080965734634|R_Astrodon_2018|2458695.0422337963|180.0|21.3026386183|3.05734038353|70.4522|1.06314774355
238|2019-07-30|4C38-41-20190730@130403-R_Astrodon_2018.fts|4C38-41|16 35 15.50|+38 08 04.0|248.81458333333327|38.13444444444444|1026.2339687067356|1018.1595876464465|R_Astrodon_2018|2458695.0444907406|180.0|21.3160950686|2.76873942614|69.9865|1.06639085801
239|2019-07-30|4C51-37-20190730@132142-R_Astrodon_2018.fts|4C51-37|17 40 37.00|+52 11 43.0|265.15416666666664|52.195277777777775|1035.1378639711415|1011.9771731847941|R_Astrodon_2018|2458695.0568171297|180.0|21.6174409306|3.02153432369|61.1048|1.14238196528
240|2019-07-30|4C51-37-20190730@132503-R_Astrodon_2018.fts|4C51-37|17 40 37.00|+52 11 43.0|265.15416666666664|52.195277777777775|1035.0911468791694|1011.6512311114285|R_Astrodon_2018|2458695.059074074|180.0|21.5923818658|3.28888907433|61.0309|1.14332184914
241|2019-07-30|DA406-20190730@125336-R_Astrodon_2018.fts|DA406|16 13 41.00|+34 12 48.0|243.42083333333326|34.21333333333334|1108.5132526801701|918.4095285473585|R_Astrodon_2018|2458695.037326389|180.0|21.4383876774|3.1043479085|70.4145|1.06410644534
242|2019-07-30|DA406-20190730@125659-R_Astrodon_2018.fts|DA406|16 13 41.00|+34 12 48.0|243.42083333333326|34.21333333333334|1108.1465601224497|919.8772980386949|R_Astrodon_2018|2458695.0395833333|180.0|21.4553539037|2.82165042162|69.8177|1.06827181006
243|2019-07-30|KS1510-08-20190730@124548-R_Astrodon_2018.fts|KS1510-08|15 12 50.50|-09 06 00.0|228.21041666666665|-9.1|991.4541829255957|868.0295019537976|R_Astrodon_2018|2458695.0319097224|180.0|21.2121544259|3.51465195417|44.8247|1.42752558485
244|2019-07-30|KS1510-08-20190730@124911-R_Astrodon_2018.fts|KS1510-08|15 12 50.50|-09 06 00.0|228.21041666666665|-9.1|992.0633195152449|869.7625838246252|R_Astrodon_2018|2458695.0341666667|180.0|21.2081097039|3.59623575211|44.2694|1.44194974394
245|2019-07-30|L-Lacertae-20190730@184329-R_Astrodon_2018.fts|L-Lacertae|22 02 43.30|+42 16 40.0|330.68041666666664|42.27777777777778|1022.9952920369443|1024.9631622488225|R_Astrodon_2018|2458695.280277778|180.0|21.5690328961|3.19330046177|65.3418|1.10339851769
246|2019-07-30|Mkn501-20190730@131420-R_Astrodon_2018.fts|Mkn501|16 53 52.20|+39 45 37.0|253.4675|39.76027777777778|1026.3529071937166|1016.4004723167654|R_Astrodon_2018|2458695.0516319443|180.0|21.4906786864|2.94173104763|69.9252|1.06648110663
247|2019-07-30|Mkn501-20190730@131734-R_Astrodon_2018.fts|Mkn501|16 53 52.20|+39 45 37.0|253.4675|39.76027777777778|1026.1109082238434|1017.2733733941606|R_Astrodon_2018|2458695.053877315|180.0|21.476779428|3.20330849886|69.5181|1.06943199803
248|2019-07-30|ON231-20190730@120156-R_Astrodon_2018.fts|ON231|12 21 31.70|+28 13 59.0|185.3820833333333|28.233055555555556|1054.600069471183|1043.6853442220106|R_Astrodon_2018|2458695.001400463|180.0|21.2429094977|4.65892159939|33.0067|1.85499944954
