ID|DateObs|Filename|Object|RA_hhmmss|DEC_ddmmss|RA_deg|DEC_deg|RA_pix|Dec_pix|FilterName|JD|ExpTime_sec|Zmag|FWHM|Altitude|Airmass
1|2019-08-03|3C454-3-20190803@190833-R_Astrodon_2018.fts|3C454-3|22 53 57.70|+16 08 54.0|343.49041666666665|16.148333333333333|1031.2668157258202|1010.4245428974895|R_Astrodon_2018|2458699.297615741|180.0|18.3661864383|3.24049186707|72.7708|1.04921004488
2|2019-08-03|3C454-3-20190803@191148-R_Astrodon_2018.fts|3C454-3|22 53 57.70|+16 08 54.0|343.49041666666665|16.148333333333333|1031.40644951571|1011.5176288114964|R_Astrodon_2018|2458699.299872685|180.0|16.8846676761|3.22656308413|72.0755|1.05338579753
3|2019-08-03|CTA102-20190803@190137-R_Astrodon_2018.fts|CTA102|22 32 36.40|+11 43 51.0|338.15166666666664|11.730833333333333|1020.7946918060472|1026.936915092754|R_Astrodon_2018|2458699.29287037|180.0|18.6323161996|3.00516552925|67.4744|1.08540315532
4|2019-08-03|CTA102-20190803@190458-R_Astrodon_2018.fts|CTA102|22 32 36.40|+11 43 51.0|338.15166666666664|11.730833333333333|1022.0561840674152|1027.9974255974946|R_Astrodon_2018|2458699.295127315|180.0|18.873868947|3.07970079184|66.8106|1.09085014565
5|2019-08-03|ES2344+514-20190803@192615-R_Astrodon_2018.fts|ES2344+514|23 47 04.00|+51 42 18.0|356.76666666666665|51.705000000000005|1089.8143830407166|986.2125477376421|R_Astrodon_2018|2458699.309976852|180.0|19.1175838114|3.21031090021|61.1354|1.14354745477
6|2019-08-03|ES2344+514-20190803@192937-R_Astrodon_2018.fts|ES2344+514|23 47 04.00|+51 42 18.0|356.76666666666665|51.705000000000005|1089.9709592779598|986.9488872326799|R_Astrodon_2018|2458699.3122453704|180.0|20.6970349887|3.19009968042|60.9982|1.14517246661
7|2019-08-03|L-Lacertae-20190803@185554-R_Astrodon_2018.fts|L-Lacertae|22 02 43.30|+42 16 40.0|330.68041666666664|42.27777777777778|1026.669379677015|948.9130860736557|R_Astrodon_2018|2458699.288912037|180.0|21.4568738215|2.95911482573|61.2243|1.14520035508
8|2019-08-03|PKS2155-304-20190803@191655-R_Astrodon_2018.fts|PKS2155-304|21 58 52.00|-30 13 32.0|329.7166666666666|-30.225555555555555|329.7166666666666|-30.225555555555555|R_Astrodon_2018|2458699.3034953703|180.0|-9999|-9999|27.9045|2.13965113224
9|2019-08-03|PKS2155-304-20190803@192016-R_Astrodon_2018.fts|PKS2155-304|21 58 52.00|-30 13 32.0|329.7166666666666|-30.225555555555555|329.7166666666666|-30.225555555555555|R_Astrodon_2018|2458699.3057523146|180.0|-9999|-9999|27.5083|2.16835900727
10|2019-08-05|3C371-20190805@183114-R_Astrodon_2018.fts|3C371|18 06 50.70|+69 49 28.0|271.71124999999995|69.82444444444444|1022.0970445479634|1023.8893440552416|R_Astrodon_2018|2458701.2717939815|180.0|20.9838689468|3.11942214966|25.0331|2.37585695022
11|2019-08-05|3C371-20190805@183437-R_Astrodon_2018.fts|3C371|18 06 50.70|+69 49 28.0|271.71124999999995|69.82444444444444|1024.3649737465341|1021.8368055216732|R_Astrodon_2018|2458701.274050926|180.0|21.2230128734|3.09457147121|24.7521|2.40124108803
12|2019-08-05|4C51-37-20190805@182324-R_Astrodon_2018.fts|4C51-37|17 40 37.00|+52 11 43.0|265.15416666666664|52.195277777777775|1024.1073142276055|1022.3802956642218|R_Astrodon_2018|2458701.2663310184|180.0|19.3195778257|4.08126250505|20.9561|2.82556467559
13|2019-08-05|4C51-37-20190805@182645-R_Astrodon_2018.fts|4C51-37|17 40 37.00|+52 11 43.0|265.15416666666664|52.195277777777775|1026.4948143198042|1016.6108259141718|R_Astrodon_2018|2458701.268587963|180.0|19.3657794513|3.49237154722|20.4676|2.89050097601
14|2019-08-05|L-Lacertae-20190805@183930-R_Astrodon_2018.fts|L-Lacertae|22 02 43.30|+42 16 40.0|330.68041666666664|42.27777777777778|1022.4551822443602|1022.7650668625404|R_Astrodon_2018|2458701.2775231483|180.0|21.0307066527|2.50020302534|62.5362|1.13079017311
15|2019-08-05|L-Lacertae-20190805@184253-R_Astrodon_2018.fts|L-Lacertae|22 02 43.30|+42 16 40.0|330.68041666666664|42.27777777777778|1023.6003858743042|1021.367692806461|R_Astrodon_2018|2458701.2797800926|180.0|21.2975734951|2.50138394833|62.0424|1.13606833794
16|2019-08-06|3C345-20190806@125955-R_Astrodon_2018.fts|3C345|16 42 58.80|+39 48 37.0|250.74499999999995|39.81027777777778|1031.4649578436554|1013.6790462018049|R_Astrodon_2018|2458702.0416203705|180.0|20.8384942096|3.10429760218|66.5721|1.09254438847
17|2019-08-06|3C345-20190806@130310-R_Astrodon_2018.fts|3C345|16 42 58.80|+39 48 37.0|250.74499999999995|39.81027777777778|1031.0414606642669|1015.1013878068745|R_Astrodon_2018|2458702.0438657408|180.0|20.8559920627|3.21353123188|66.0787|1.09685130199
18|2019-08-06|3C371-20190806@132159-R_Astrodon_2018.fts|3C371|18 06 50.70|+69 49 28.0|271.71124999999995|69.82444444444444|1042.4585845375202|1038.7902878673774|R_Astrodon_2018|2458702.057025463|180.0|21.336266666|3.40864951611|43.5675|1.45000314052
19|2019-08-06|3C371-20190806@132521-R_Astrodon_2018.fts|3C371|18 06 50.70|+69 49 28.0|271.71124999999995|69.82444444444444|1042.1895360981248|1037.7680462749772|R_Astrodon_2018|2458702.0592824076|180.0|21.3405695547|3.30229725838|43.5371|1.45094486025
20|2019-08-06|3C454-3-20190806@134520-R_Astrodon_2018.fts|3C454-3|22 53 57.70|+16 08 54.0|343.49041666666665|16.148333333333333|1022.339207951195|1041.2368215068086|R_Astrodon_2018|2458702.073159722|180.0|20.3525638015|3.2413844943|32.1142|1.84916669368
21|2019-08-06|3C454-3-20190806@134835-R_Astrodon_2018.fts|3C454-3|22 53 57.70|+16 08 54.0|343.49041666666665|16.148333333333333|1022.55940914562|1038.7871736233535|R_Astrodon_2018|2458702.0754050924|180.0|20.3806509992|3.05382466316|32.8551|1.81265486568
22|2019-08-06|4C38-41-20190806@125309-R_Astrodon_2018.fts|4C38-41|16 35 15.50|+38 08 04.0|248.81458333333327|38.13444444444444|1028.606834027985|1013.7576142600333|R_Astrodon_2018|2458702.0369212963|180.0|21.123301851|3.04211317301|67.4228|1.08574661411
23|2019-08-06|4C38-41-20190806@125623-R_Astrodon_2018.fts|4C38-41|16 35 15.50|+38 08 04.0|248.81458333333327|38.13444444444444|1028.6755817081103|1015.4700537464627|R_Astrodon_2018|2458702.0391666666|180.0|21.1515494086|2.78066754192|66.8945|1.09015156058
24|2019-08-06|4C51-37-20190806@131416-R_Astrodon_2018.fts|4C51-37|17 40 37.00|+52 11 43.0|265.15416666666664|52.195277777777775|1042.740404862246|1003.5198825268521|R_Astrodon_2018|2458702.0516550927|180.0|21.458808452|3.14357788563|60.4398|1.15055858563
25|2019-08-06|4C51-37-20190806@131737-R_Astrodon_2018.fts|4C51-37|17 40 37.00|+52 11 43.0|265.15416666666664|52.195277777777775|1042.7355504318568|1003.9532000791945|R_Astrodon_2018|2458702.053912037|180.0|21.4399334615|3.34603072405|60.2867|1.15257109483
26|2019-08-06|CTA102-20190806@133823-R_Astrodon_2018.fts|CTA102|22 32 36.40|+11 43 51.0|338.15166666666664|11.730833333333333|1064.3495988063619|1039.6315506652713|R_Astrodon_2018|2458702.068414352|180.0|20.6567761038|3.86823723316|33.986|1.76040776923
27|2019-08-06|CTA102-20190806@134146-R_Astrodon_2018.fts|CTA102|22 32 36.40|+11 43 51.0|338.15166666666664|11.730833333333333|1064.4822468830218|1037.157761454057|R_Astrodon_2018|2458702.07068287|180.0|20.767619987|3.37050338984|34.7369|1.72768253112
28|2019-08-06|DA406-20190806@124611-R_Astrodon_2018.fts|DA406|16 13 41.00|+34 12 48.0|243.42083333333326|34.21333333333334|1110.9252598568876|908.1569141288365|R_Astrodon_2018|2458702.032152778|180.0|21.2903997867|3.00363537073|66.6311|1.09294650594
29|2019-08-06|DA406-20190806@124932-R_Astrodon_2018.fts|DA406|16 13 41.00|+34 12 48.0|243.42083333333326|34.21333333333334|1110.9109177231717|910.1708022250696|R_Astrodon_2018|2458702.0344097223|180.0|21.3151123269|2.99014600515|66.0003|1.09843700173
30|2019-08-06|ES2344+514-20190806@140034-R_Astrodon_2018.fts|ES2344+514|23 47 04.00|+51 42 18.0|356.76666666666665|51.705000000000005|1000.9730009545908|1106.5100333970936|R_Astrodon_2018|2458702.0837847223|180.0|21.5930850624|3.47890994549|29.8993|1.97849062233
31|2019-08-06|KS1510-08-20190806@123826-R_Astrodon_2018.fts|KS1510-08|15 12 50.50|-09 06 00.0|228.21041666666665|-9.1|1038.1282985734128|1070.6709297741347|R_Astrodon_2018|2458702.0267592594|180.0|20.8738281921|3.53657336235|41.2829|1.5262104077
32|2019-08-06|KS1510-08-20190806@124147-R_Astrodon_2018.fts|KS1510-08|15 12 50.50|-09 06 00.0|228.21041666666665|-9.1|1038.2319214327215|1071.573379289952|R_Astrodon_2018|2458702.0290162037|180.0|20.8441559121|3.47799407244|40.6882|1.54491372862
33|2019-08-06|L-Lacertae-20190806@133046-R_Astrodon_2018.fts|L-Lacertae|22 02 43.30|+42 16 40.0|330.68041666666664|42.27777777777778|1022.3754604697351|1023.7110859704072|R_Astrodon_2018|2458702.063090278|180.0|21.340224639|3.54697599411|43.0792|1.45116684827
34|2019-08-06|L-Lacertae-20190806@133406-R_Astrodon_2018.fts|L-Lacertae|22 02 43.30|+42 16 40.0|330.68041666666664|42.27777777777778|1022.1382174762753|1021.8581525694528|R_Astrodon_2018|2458702.065347222|180.0|21.3435916192|3.69501855373|43.6778|1.43543631185
35|2019-08-06|Mkn501-20190806@130641-R_Astrodon_2018.fts|Mkn501|16 53 52.20|+39 45 37.0|253.4675|39.76027777777778|1030.1204163085406|1012.3973131461719|R_Astrodon_2018|2458702.04630787|180.0|21.3288798047|3.16259846687|67.2177|1.08718929068
36|2019-08-06|Mkn501-20190806@130955-R_Astrodon_2018.fts|Mkn501|16 53 52.20|+39 45 37.0|253.4675|39.76027777777778|1030.3788500691687|1013.7052580824661|R_Astrodon_2018|2458702.048564815|180.0|21.3363492687|3.03140645027|66.733|1.09126692396
37|2019-08-06|PKS2155-304-20190806@135232-R_Astrodon_2018.fts|PKS2155-304|21 58 52.00|-30 13 32.0|329.7166666666666|-30.225555555555555|1048.7825820709272|1072.030332275574|R_Astrodon_2018|2458702.078159722|180.0|19.3633571127|4.1796074748|20.5599|2.77849735726
38|2019-08-06|PKS2155-304-20190806@135547-R_Astrodon_2018.fts|PKS2155-304|21 58 52.00|-30 13 32.0|329.7166666666666|-30.225555555555555|1048.6595547781747|1072.4656308327242|R_Astrodon_2018|2458702.080405093|180.0|19.442358364|4.10649245977|21.0499|2.71819608239
39|2019-08-22|3C345-20190822@130653-R_Astrodon_2018.fts|3C345|16 42 58.80|+39 48 37.0|250.74499999999995|39.81027777777778|1033.4329415969687|1011.478071889294|R_Astrodon_2018|2458718.0464583333|180.0|20.9351514111|3.6039441824|54.5554|1.23363896046
40|2019-08-22|3C345-20190822@131008-R_Astrodon_2018.fts|3C345|16 42 58.80|+39 48 37.0|250.74499999999995|39.81027777777778|1032.8485545519502|1014.1639786900131|R_Astrodon_2018|2458718.0487152776|180.0|20.9526764397|3.42848516703|53.9529|1.24321266196
41|2019-08-22|3C371-20190822@132810-R_Astrodon_2018.fts|3C371|18 06 50.70|+69 49 28.0|271.71124999999995|69.82444444444444|1042.8770709963883|1043.9248615445056|R_Astrodon_2018|2458718.0613078703|180.0|21.4930162415|3.13372393847|41.878|1.49978515491
42|2019-08-22|3C371-20190822@133133-R_Astrodon_2018.fts|3C371|18 06 50.70|+69 49 28.0|271.71124999999995|69.82444444444444|1042.3740445534952|1044.3462039349722|R_Astrodon_2018|2458718.063587963|180.0|21.4869318532|3.24492835999|41.7459|1.50377190507
43|2019-08-22|4C38-41-20190822@130016-R_Astrodon_2018.fts|4C38-41|16 35 15.50|+38 08 04.0|248.81458333333327|38.13444444444444|1031.0772060107795|1010.6941122692401|R_Astrodon_2018|2458718.041851852|180.0|21.2745938074|3.08796057701|54.7827|1.23029976471
44|2019-08-22|4C38-41-20190822@130331-R_Astrodon_2018.fts|4C38-41|16 35 15.50|+38 08 04.0|248.81458333333327|38.13444444444444|1030.6870059923021|1013.5964602835263|R_Astrodon_2018|2458718.0441203704|180.0|21.2306984172|3.34918512106|54.1556|1.24021355988
45|2019-08-22|4C51-37-20190822@132047-R_Astrodon_2018.fts|4C51-37|17 40 37.00|+52 11 43.0|265.15416666666664|52.195277777777775|1052.8796069882815|989.8913101974794|R_Astrodon_2018|2458718.05619213|180.0|21.5943595807|3.17761133909|54.8642|1.22652461844
46|2019-08-22|4C51-37-20190822@132410-R_Astrodon_2018.fts|4C51-37|17 40 37.00|+52 11 43.0|265.15416666666664|52.195277777777775|1051.8796016914268|991.5051237525547|R_Astrodon_2018|2458718.058449074|180.0|21.6053611024|2.83592778444|54.5054|1.2321608418
47|2019-08-22|DA406-20190822@125330-R_Astrodon_2018.fts|DA406|16 13 41.00|+34 12 48.0|243.42083333333326|34.21333333333334|1111.3479711927598|901.1045586742812|R_Astrodon_2018|2458718.0372337964|180.0|21.4031277819|3.45448400974|52.4565|1.26919001568
48|2019-08-22|DA406-20190822@125653-R_Astrodon_2018.fts|DA406|16 13 41.00|+34 12 48.0|243.42083333333326|34.21333333333334|1110.9639548700488|904.4233598715981|R_Astrodon_2018|2458718.0395023148|180.0|21.4063025258|3.3212190032|51.7821|1.28111265858
49|2019-08-22|KS1510-08-20190822@124554-R_Astrodon_2018.fts|KS1510-08|15 12 50.50|-09 06 00.0|228.21041666666665|-9.1|1022.3489181602637|1149.089836536529|R_Astrodon_2018|2458718.0319675924|180.0|21.1222147881|3.05681511164|27.4027|2.19657573958
50|2019-08-22|KS1510-08-20190822@124917-R_Astrodon_2018.fts|KS1510-08|15 12 50.50|-09 06 00.0|228.21041666666665|-9.1|1023.4112809560629|1149.9891263142508|R_Astrodon_2018|2458718.034224537|180.0|21.097916469|3.17733098269|26.7229|2.24904420334
51|2019-08-22|Mkn501-20190822@131329-R_Astrodon_2018.fts|Mkn501|16 53 52.20|+39 45 37.0|253.4675|39.76027777777778|1033.817466788391|1007.8404353812458|R_Astrodon_2018|2458718.0510300924|180.0|21.4508821821|3.18072785139|55.3594|1.22142348736
52|2019-08-22|Mkn501-20190822@131644-R_Astrodon_2018.fts|Mkn501|16 53 52.20|+39 45 37.0|253.4675|39.76027777777778|1033.3435920720892|1010.2462089442655|R_Astrodon_2018|2458718.053298611|180.0|21.4448423342|3.35235551596|54.7562|1.23057659706
53|2019-08-25|3C454-3-20190825@190422-R_Astrodon_2018.fts|3C454-3|22 53 57.70|+16 08 54.0|343.49041666666665|16.148333333333333|1034.3589793235801|1000.656820244132|R_Astrodon_2018|2458721.2947106482|180.0|20.8712175033|2.7607790947|54.3157|1.23753039121
54|2019-08-25|3C66A-20190825@192135-R_Astrodon_2018.fts|3C66A|02 22 39.60|+43 02 08.0|35.665|43.035555555555554|1021.8535678793705|1026.6896186288132|R_Astrodon_2018|2458721.306736111|180.0|21.7350846127|2.41720488071|68.5621|1.0735601552
55|2019-08-25|3C66A-20190825@192457-R_Astrodon_2018.fts|3C66A|02 22 39.60|+43 02 08.0|35.665|43.035555555555554|1021.803700524643|1028.251603714886|R_Astrodon_2018|2458721.3090046295|180.0|21.7298387363|2.38512065411|68.8294|1.07169714303
56|2019-08-25|CTA102-20190825@185725-R_Astrodon_2018.fts|CTA102|22 32 36.40|+11 43 51.0|338.15166666666664|11.730833333333333|972.1356982709904|1031.391926531097|R_Astrodon_2018|2458721.289965278|180.0|21.1832226227|2.83657070398|49.4829|1.3230273864
57|2019-08-25|CTA102-20190825@190047-R_Astrodon_2018.fts|CTA102|22 32 36.40|+11 43 51.0|338.15166666666664|11.730833333333333|972.8756577731916|1034.1489325486984|R_Astrodon_2018|2458721.2922222223|180.0|21.1896807815|2.93206423521|48.7456|1.33814036625
58|2019-08-25|ES2344+514-20190825@191216-R_Astrodon_2018.fts|ES2344+514|23 47 04.00|+51 42 18.0|356.76666666666665|51.705000000000005|1099.051829373191|967.4420551669973|R_Astrodon_2018|2458721.300277778|180.0|21.7500772931|2.60690103769|55.4476|1.21801722382
59|2019-08-25|ES2344+514-20190825@191553-R_Astrodon_2018.fts|ES2344+514|23 47 04.00|+51 42 18.0|356.76666666666665|51.705000000000005|1098.469776455778|969.2085812454981|R_Astrodon_2018|2458721.3026967593|180.0|21.7597301906|2.54201385975|55.0602|1.2238961801
60|2019-08-25|L-Lacertae-20190825@184943-R_Astrodon_2018.fts|L-Lacertae|22 02 43.30|+42 16 40.0|330.68041666666664|42.27777777777778|1050.5533464402624|888.395480843617|R_Astrodon_2018|2458721.2846180554|180.0|21.5010181582|2.96060074568|47.3855|1.36774183003
61|2019-08-25|L-Lacertae-20190825@185307-R_Astrodon_2018.fts|L-Lacertae|22 02 43.30|+42 16 40.0|330.68041666666664|42.27777777777778|1050.5168229804976|891.4766028389458|R_Astrodon_2018|2458721.2868865742|180.0|21.4869073892|2.83947073221|46.7904|1.38125495171
62|2019-08-26|3C345-20190826@135607-R_Astrodon_2018.fts|3C345|16 42 58.80|+39 48 37.0|250.74499999999995|39.81027777777778|1038.061877342064|1008.0525887850293|R_Astrodon_2018|2458722.080648148|180.0|20.8493704187|4.90190122128|42.2364|1.49912213367
63|2019-08-26|3C345-20190826@135921-R_Astrodon_2018.fts|3C345|16 42 58.80|+39 48 37.0|250.74499999999995|39.81027777777778|1037.6337876531459|1012.585701826523|R_Astrodon_2018|2458722.0828935187|180.0|20.8709359515|4.72925126553|41.6146|1.51767279671
64|2019-08-26|3C371-20190826@141748-R_Astrodon_2018.fts|3C371|18 06 50.70|+69 49 28.0|271.71124999999995|69.82444444444444|1048.0780822790782|1046.6482153115771|R_Astrodon_2018|2458722.095775463|180.0|21.4480519358|4.22959902287|38.4969|1.61082425933
65|2019-08-26|3C371-20190826@142110-R_Astrodon_2018.fts|3C371|18 06 50.70|+69 49 28.0|271.71124999999995|69.82444444444444|1047.156179935815|1048.0121132179436|R_Astrodon_2018|2458722.0980324075|180.0|21.409511629|4.83764448166|38.2917|1.61824468737
66|2019-08-26|3C454-3-20190826@144156-R_Astrodon_2018.fts|3C454-3|22 53 57.70|+16 08 54.0|343.49041666666665|16.148333333333333|1018.3535634543695|1027.875594736885|R_Astrodon_2018|2458722.112465278|180.0|18.367921139|4.73027863503|63.1031|1.11594083502
67|2019-08-26|3C454-3-20190826@144510-R_Astrodon_2018.fts|3C454-3|22 53 57.70|+16 08 54.0|343.49041666666665|16.148333333333333|1018.271179125825|1027.3928077857952|R_Astrodon_2018|2458722.114710648|180.0|20.2090892658|4.43845798969|63.833|1.10898832563
68|2019-08-26|4C38-41-20190826@134921-R_Astrodon_2018.fts|4C38-41|16 35 15.50|+38 08 04.0|248.81458333333327|38.13444444444444|1034.1028312990686|1007.4593556725623|R_Astrodon_2018|2458722.0759375|180.0|21.1210719383|4.82462425232|42.128|1.50257396108
69|2019-08-26|4C38-41-20190826@135235-R_Astrodon_2018.fts|4C38-41|16 35 15.50|+38 08 04.0|248.81458333333327|38.13444444444444|1033.6030815161646|1011.7302548682436|R_Astrodon_2018|2458722.0781828705|180.0|21.0934137542|5.45969593525|41.4906|1.52178930639
70|2019-08-26|4C51-37-20190826@141016-R_Astrodon_2018.fts|4C51-37|17 40 37.00|+52 11 43.0|265.15416666666664|52.195277777777775|1066.389234385299|979.365918816745|R_Astrodon_2018|2458722.0905555557|180.0|21.5468851719|4.43278148174|46.6192|1.38305582358
71|2019-08-26|4C51-37-20190826@141338-R_Astrodon_2018.fts|4C51-37|17 40 37.00|+52 11 43.0|265.15416666666664|52.195277777777775|1065.5104014202054|981.8146071758255|R_Astrodon_2018|2458722.092800926|180.0|21.5550029626|4.21991295815|46.1663|1.39377401946
72|2019-08-26|CTA102-20190826@143443-R_Astrodon_2018.fts|CTA102|22 32 36.40|+11 43 51.0|338.15166666666664|11.730833333333333|1073.9596207280415|1012.7296844942279|R_Astrodon_2018|2458722.107523148|180.0|21.1438235899|4.29359462261|64.3382|1.10449318549
73|2019-08-26|CTA102-20190826@143819-R_Astrodon_2018.fts|CTA102|22 32 36.40|+11 43 51.0|338.15166666666664|11.730833333333333|1073.139904752141|1013.2540562736988|R_Astrodon_2018|2458722.10994213|180.0|21.0934793704|4.661170578|65.0723|1.09797463493
74|2019-08-26|DA406-20190826@134224-R_Astrodon_2018.fts|DA406|16 13 41.00|+34 12 48.0|243.42083333333326|34.21333333333334|1021.7067626871884|1025.91250993959|R_Astrodon_2018|2458722.0712037035|180.0|21.2537255711|4.9830518961|39.0709|1.60092830747
75|2019-08-26|DA406-20190826@134546-R_Astrodon_2018.fts|DA406|16 13 41.00|+34 12 48.0|243.42083333333326|34.21333333333334|1021.9451221902455|1029.018092549554|R_Astrodon_2018|2458722.0734606483|180.0|21.227680077|5.36099882126|38.3989|1.62494373816
76|2019-08-26|ES2344+514-20190826@145747-R_Astrodon_2018.fts|ES2344+514|23 47 04.00|+51 42 18.0|356.76666666666665|51.705000000000005|939.2120671863191|1008.1215927321495|R_Astrodon_2018|2458722.1235185186|180.0|21.7381573501|4.49633588791|50.1223|1.29763003793
77|2019-08-26|ES2344+514-20190826@150110-R_Astrodon_2018.fts|ES2344+514|23 47 04.00|+51 42 18.0|356.76666666666665|51.705000000000005|938.4314283680435|1007.7275488138647|R_Astrodon_2018|2458722.125810185|180.0|21.7511256274|3.68560110331|50.56|1.28959576175
78|2019-08-26|L-Lacertae-20190826@142637-R_Astrodon_2018.fts|L-Lacertae|22 02 43.30|+42 16 40.0|330.68041666666664|42.27777777777778|1021.3901556592342|1024.7330920966435|R_Astrodon_2018|2458722.101909722|180.0|21.5534025354|3.60233333111|65.6819|1.09514250634
79|2019-08-26|L-Lacertae-20190826@143000-R_Astrodon_2018.fts|L-Lacertae|22 02 43.30|+42 16 40.0|330.68041666666664|42.27777777777778|1021.598625805798|1025.7525295430773|R_Astrodon_2018|2458722.1041666665|180.0|21.5536830565|3.71667306423|66.1038|1.09165772813
80|2019-08-26|Mkn501-20190826@140255-R_Astrodon_2018.fts|Mkn501|16 53 52.20|+39 45 37.0|253.4675|39.76027777777778|1038.8964180105372|1003.8556518547725|R_Astrodon_2018|2458722.085358796|180.0|21.4102854365|4.2313192606|43.0233|1.47670838754
81|2019-08-26|Mkn501-20190826@140609-R_Astrodon_2018.fts|Mkn501|16 53 52.20|+39 45 37.0|253.4675|39.76027777777778|1038.3073748281213|1006.3094325486362|R_Astrodon_2018|2458722.087615741|180.0|21.3865573887|4.42836608887|42.3983|1.49465282593
82|2019-08-26|PKS2155-304-20190826@144938-R_Astrodon_2018.fts|PKS2155-304|21 58 52.00|-30 13 32.0|329.7166666666666|-30.225555555555555|1052.4236168973175|1129.3207795007377|R_Astrodon_2018|2458722.1179050924|180.0|21.1443474556|5.39749877453|35.1181|1.72584679868
83|2019-08-26|PKS2155-304-20190826@145301-R_Astrodon_2018.fts|PKS2155-304|21 58 52.00|-30 13 32.0|329.7166666666666|-30.225555555555555|1051.0112619161705|1132.0592994585759|R_Astrodon_2018|2458722.120150463|180.0|21.1454197491|5.01816658974|35.2738|1.71952532499
84|2019-08-27|3C345-20190827@121558-R_Astrodon_2018.fts|3C345|16 42 58.80|+39 48 37.0|250.74499999999995|39.81027777777778|1032.3528548296129|1012.7298919209475|R_Astrodon_2018|2458723.011087963|180.0|20.9486646602|3.74248310328|60.2079|1.15673202127
85|2019-08-27|3C345-20190827@121912-R_Astrodon_2018.fts|3C345|16 42 58.80|+39 48 37.0|250.74499999999995|39.81027777777778|1032.2920324326333|1015.300489069359|R_Astrodon_2018|2458723.013344907|180.0|20.97069413|3.4186568141|59.6356|1.16360331564
86|2019-08-27|3C371-20190827@123724-R_Astrodon_2018.fts|3C371|18 06 50.70|+69 49 28.0|271.71124999999995|69.82444444444444|1036.2549957952567|1044.3807728350873|R_Astrodon_2018|2458723.026064815|180.0|21.3649783029|7.02503829002|42.9037|1.46952296141
87|2019-08-27|3C371-20190827@124048-R_Astrodon_2018.fts|3C371|18 06 50.70|+69 49 28.0|271.71124999999995|69.82444444444444|1036.6048882910677|1044.9404017445336|R_Astrodon_2018|2458723.0283333333|180.0|21.3526341209|6.46306846142|42.8157|1.4720996381
88|2019-08-27|4C38-41-20190827@120922-R_Astrodon_2018.fts|4C38-41|16 35 15.50|+38 08 04.0|248.81458333333327|38.13444444444444|1030.6315760626112|1012.8175477370246|R_Astrodon_2018|2458723.0065046297|180.0|21.1617734283|4.19846690297|60.6607|1.15166863151
89|2019-08-27|4C38-41-20190827@121237-R_Astrodon_2018.fts|4C38-41|16 35 15.50|+38 08 04.0|248.81458333333327|38.13444444444444|1029.7003643475282|1015.497105886868|R_Astrodon_2018|2458723.008761574|180.0|21.1736956554|3.62684980631|60.0618|1.1587520032
90|2019-08-27|4C51-37-20190827@123001-R_Astrodon_2018.fts|4C51-37|17 40 37.00|+52 11 43.0|265.15416666666664|52.195277777777775|1045.9163404165786|998.6141180752824|R_Astrodon_2018|2458723.0209375|180.0|21.464860497|5.27335534096|57.9077|1.1827815178
91|2019-08-27|4C51-37-20190827@123324-R_Astrodon_2018.fts|4C51-37|17 40 37.00|+52 11 43.0|265.15416666666664|52.195277777777775|1044.7576448584705|999.5263284749458|R_Astrodon_2018|2458723.0231944444|180.0|21.5474862759|4.17546195984|57.6264|1.18658748635
92|2019-08-27|DA406-20190827@120236-R_Astrodon_2018.fts|DA406|16 13 41.00|+34 12 48.0|243.42083333333326|34.21333333333334|1108.1761816456353|907.7476165208556|R_Astrodon_2018|2458723.001898148|180.0|21.3389516088|4.07063041925|58.8605|1.17410201613
93|2019-08-27|DA406-20190827@120600-R_Astrodon_2018.fts|DA406|16 13 41.00|+34 12 48.0|243.42083333333326|34.21333333333334|1107.6679756915955|910.0966923607564|R_Astrodon_2018|2458723.004166667|180.0|21.2776450456|4.5607250452|58.1955|1.1826639792
94|2019-08-27|KS1510-08-20190827@115500-R_Astrodon_2018.fts|KS1510-08|15 12 50.50|-09 06 00.0|228.21041666666665|-9.1|1033.6977263484462|1107.2860545353935|R_Astrodon_2018|2458722.9966203705|180.0|21.016171062|4.04312171936|33.7866|1.81467254315
95|2019-08-27|KS1510-08-20190827@115823-R_Astrodon_2018.fts|KS1510-08|15 12 50.50|-09 06 00.0|228.21041666666665|-9.1|1034.351714784639|1108.673298232733|R_Astrodon_2018|2458722.998877315|180.0|20.875013663|5.48597185612|33.1367|1.84659530544
96|2019-08-27|L-Lacertae-20190827@124555-R_Astrodon_2018.fts|L-Lacertae|22 02 43.30|+42 16 40.0|330.68041666666664|42.27777777777778|1024.7247823389878|1024.9164273084168|R_Astrodon_2018|2458723.0319560184|180.0|21.4968902173|4.63522715569|49.9615|1.29779320491
97|2019-08-27|L-Lacertae-20190827@124916-R_Astrodon_2018.fts|L-Lacertae|22 02 43.30|+42 16 40.0|330.68041666666664|42.27777777777778|330.68041666666664|42.27777777777778|R_Astrodon_2018|2458723.034212963|180.0|-9999|-9999|50.5449|1.28698963848
98|2019-08-27|Mkn501-20190827@122233-R_Astrodon_2018.fts|Mkn501|16 53 52.20|+39 45 37.0|253.4675|39.76027777777778|1033.4620731900632|1010.7205900859693|R_Astrodon_2018|2458723.0156712965|180.0|21.4383012047|3.6698713541|60.9731|1.14791157293
99|2019-08-27|Mkn501-20190827@122549-R_Astrodon_2018.fts|Mkn501|16 53 52.20|+39 45 37.0|253.4675|39.76027777777778|1032.5405273689337|1012.7450913801757|R_Astrodon_2018|2458723.017939815|180.0|21.4153112969|4.14671883583|60.4029|1.15451708595
100|2019-08-28|3C454-3-20190828@191657-R_Astrodon_2018.fts|3C454-3|22 53 57.70|+16 08 54.0|343.49041666666665|16.148333333333333|1035.205091069067|999.3311983688412|R_Astrodon_2018|2458724.3034375|180.0|20.8822752136|2.77671387196|48.7241|1.33884854639
101|2019-08-28|3C66A-20190828@193458-R_Astrodon_2018.fts|3C66A|02 22 39.60|+43 02 08.0|35.665|43.035555555555554|1022.5516291993918|1026.5822389687721|R_Astrodon_2018|2458724.3160069445|180.0|21.7352172909|2.57630978823|70.1135|1.06337756463
102|2019-08-28|3C66A-20190828@193819-R_Astrodon_2018.fts|3C66A|02 22 39.60|+43 02 08.0|35.665|43.035555555555554|1022.7580537235834|1028.4961631982922|R_Astrodon_2018|2458724.318287037|180.0|21.734051759|2.42988985777|70.2237|1.06273131334
103|2019-08-28|CTA102-20190828@191010-R_Astrodon_2018.fts|CTA102|22 32 36.40|+11 43 51.0|338.15166666666664|11.730833333333333|976.094270033121|1016.9769038607769|R_Astrodon_2018|2458724.2988194446|180.0|21.2212099047|2.64476091862|43.8934|1.45246253989
104|2019-08-28|CTA102-20190828@191333-R_Astrodon_2018.fts|CTA102|22 32 36.40|+11 43 51.0|338.15166666666664|11.730833333333333|976.8427038558615|1020.1456066739191|R_Astrodon_2018|2458724.301076389|180.0|21.1996446009|2.73433630466|43.1503|1.47279796167
105|2019-08-28|ES2344+514-20190828@192554-R_Astrodon_2018.fts|ES2344+514|23 47 04.00|+51 42 18.0|356.76666666666665|51.705000000000005|1098.2016226321323|969.6501281290081|R_Astrodon_2018|2458724.3097222224|180.0|21.751614245|2.53909287453|52.4532|1.2660054886
106|2019-08-28|ES2344+514-20190828@192916-R_Astrodon_2018.fts|ES2344+514|23 47 04.00|+51 42 18.0|356.76666666666665|51.705000000000005|1097.3649698090344|971.4810976329461|R_Astrodon_2018|2458724.3119907407|180.0|21.7545461121|2.64237604141|52.0419|1.27323132131
107|2019-08-28|L-Lacertae-20190828@190238-R_Astrodon_2018.fts|L-Lacertae|22 02 43.30|+42 16 40.0|330.68041666666664|42.27777777777778|1064.2775432618769|860.0658262852642|R_Astrodon_2018|2458724.293587963|180.0|21.5176386701|2.7697073102|42.8557|1.48135043349
108|2019-08-28|L-Lacertae-20190828@190601-R_Astrodon_2018.fts|L-Lacertae|22 02 43.30|+42 16 40.0|330.68041666666664|42.27777777777778|1063.9505252492077|863.1948118756563|R_Astrodon_2018|2458724.2958449074|180.0|21.5141362663|2.7197686553|42.2562|1.49862930409
109|2019-08-30|3C454-3-20190830@191615-R_Astrodon_2018.fts|3C454-3|22 53 57.70|+16 08 54.0|343.49041666666665|16.148333333333333|1036.10079353977|997.1092226184783|R_Astrodon_2018|2458726.302962963|180.0|18.6166638918|3.716134727|47.0737|1.37450641895
110|2019-08-30|3C66A-20190830@193253-R_Astrodon_2018.fts|3C66A|02 22 39.60|+43 02 08.0|35.665|43.035555555555554|1023.064347862602|1026.6202074446605|R_Astrodon_2018|2458726.314560185|180.0|21.0238898552|2.93718061447|70.2921|1.06234739313
111|2019-08-30|3C66A-20190830@193614-R_Astrodon_2018.fts|3C66A|02 22 39.60|+43 02 08.0|35.665|43.035555555555554|1022.6393192183269|1028.1842428871457|R_Astrodon_2018|2458726.3168287035|180.0|21.4883635851|3.42710020542|70.3615|1.06197659838
112|2019-08-30|AO0235+16-20190830@194107-R_Astrodon_2018.fts|AO0235+16|02 38 38.90|+16 36 59.0|39.66208333333333|16.616388888888892|1066.7579821803279|1008.9814346864422|R_Astrodon_2018|2458726.320289352|180.0|21.5730048745|3.30859191418|81.8126|1.00945480027
113|2019-08-30|CTA102-20190830@190921-R_Astrodon_2018.fts|CTA102|22 32 36.40|+11 43 51.0|338.15166666666664|11.730833333333333|980.0757778294596|995.0339246121255|R_Astrodon_2018|2458726.298229167|180.0|18.9693984039|3.53794617653|42.2891|1.49716763447
114|2019-08-30|CTA102-20190830@191241-R_Astrodon_2018.fts|CTA102|22 32 36.40|+11 43 51.0|338.15166666666664|11.730833333333333|980.965260279066|998.2245812941485|R_Astrodon_2018|2458726.300474537|180.0|19.0379817121|3.18954280615|41.5488|1.51928793059
115|2019-08-30|ES2344+514-20190830@192354-R_Astrodon_2018.fts|ES2344+514|23 47 04.00|+51 42 18.0|356.76666666666665|51.705000000000005|1102.8613227364522|965.6842838223201|R_Astrodon_2018|2458726.308321759|180.0|21.0633964878|3.61422789097|51.7134|1.27896842493
116|2019-08-30|ES2344+514-20190830@192715-R_Astrodon_2018.fts|ES2344+514|23 47 04.00|+51 42 18.0|356.76666666666665|51.705000000000005|1102.0176308517064|967.7274617439391|R_Astrodon_2018|2458726.310590278|180.0|21.1349573078|3.34382618666|51.2929|1.28662700895
117|2019-08-30|L-Lacertae-20190830@190145-R_Astrodon_2018.fts|L-Lacertae|22 02 43.30|+42 16 40.0|330.68041666666664|42.27777777777778|975.9318621115722|1012.1610285381546|R_Astrodon_2018|2458726.2929398147|180.0|20.0629418271|3.71216510534|41.5765|1.51764880327
118|2019-08-30|L-Lacertae-20190830@190504-R_Astrodon_2018.fts|L-Lacertae|22 02 43.30|+42 16 40.0|330.68041666666664|42.27777777777778|975.5065348384422|1013.3812932463903|R_Astrodon_2018|2458726.295196759|180.0|20.3818431944|3.90779204369|40.9757|1.53616158377
