ID|DateObs|Filename|Object|RA_hhmmss|DEC_ddmmss|RA_deg|DEC_deg|RA_pix|Dec_pix|FilterName|JD|ExpTime_sec|Zmag|FWHM|Altitude|Airmass
1|2019-09-02|3C454-3-20190902@193611-R_Astrodon_2018.fts|3C454-3|22 53 57.70|+16 08 54.0|343.49041666666665|16.148333333333333|976.1539748474497|884.0330714864431|R_Astrodon_2018|2458729.316851852|180.0|20.6661766771|3.21965068579|39.7634|1.57704823619
2|2019-09-02|3C454-3-20190902@204105-R_Astrodon_2018.fts|3C454-3|22 53 57.70|+16 08 54.0|343.49041666666665|16.148333333333333|1006.2384823521007|947.6753482063737|R_Astrodon_2018|2458729.3619212965|180.0|19.6993933607|4.52038230896|24.8985|2.40499959866
3|2019-09-02|3C66A-20190902@195127-R_Astrodon_2018.fts|3C66A|02 22 39.60|+43 02 08.0|35.665|43.035555555555554|1004.5325285554977|940.9302824221452|R_Astrodon_2018|2458729.3274652776|180.0|21.6888892301|2.82694513798|70.0396|1.06491351574
4|2019-09-02|3C66A-20190902@195448-R_Astrodon_2018.fts|3C66A|02 22 39.60|+43 02 08.0|35.665|43.035555555555554|1004.3599527953521|940.9962955446657|R_Astrodon_2018|2458729.3297337964|180.0|21.6707091387|2.86593208313|69.8949|1.0659908433
5|2019-09-02|4C71-07-20190902@202305-R_Astrodon_2018.fts|4C71-07|08 41 24.30|+70 53 42.0|130.35125|70.89500000000001|1010.2336223593636|1124.421633325267|R_Astrodon_2018|2458729.3494328703|180.0|21.2523045127|5.48606545925|24.7189|2.36970908447
6|2019-09-02|AO0235+16-20190902@195926-R_Astrodon_2018.fts|AO0235+16|02 38 38.90|+16 36 59.0|39.66208333333333|16.616388888888892|965.2306934001009|1071.9485133549244|R_Astrodon_2018|2458729.3330208333|180.0|21.7194129212|3.43395611048|82.6682|1.0084336212
7|2019-09-02|AO0235+16-20190902@200248-R_Astrodon_2018.fts|AO0235+16|02 38 38.90|+16 36 59.0|39.66208333333333|16.616388888888892|965.9773788774387|1071.2005014335243|R_Astrodon_2018|2458729.3352777776|180.0|21.7135935441|3.36820743084|82.3627|1.00925156447
8|2019-09-02|CTA102-20190902@191954-R_Astrodon_2018.fts|CTA102|22 32 36.40|+11 43 51.0|338.15166666666664|11.730833333333333|338.15166666666664|11.730833333333333|R_Astrodon_2018|2458729.3055439815|180.0|-9999|-9999|37.1687|1.66932554672
9|2019-09-02|CTA102-20190902@192316-R_Astrodon_2018.fts|CTA102|22 32 36.40|+11 43 51.0|338.15166666666664|11.730833333333333|338.15166666666664|11.730833333333333|R_Astrodon_2018|2458729.3078240743|180.0|-9999|-9999|36.4146|1.69962668522
10|2019-09-02|ES2344+514-20190902@194346-R_Astrodon_2018.fts|ES2344+514|23 47 04.00|+51 42 18.0|356.76666666666665|51.705000000000005|1090.7577220589817|981.2601851080051|R_Astrodon_2018|2458729.3221296296|180.0|21.6849802938|3.36979584694|47.4511|1.36363611195
11|2019-09-02|ES2344+514-20190902@194707-R_Astrodon_2018.fts|ES2344+514|23 47 04.00|+51 42 18.0|356.76666666666665|51.705000000000005|1089.9194169818427|983.7909643009766|R_Astrodon_2018|2458729.324386574|180.0|21.6693143483|3.32019064426|46.9935|1.37390883226
12|2019-09-02|ES2344+514-20190902@204837-R_Astrodon_2018.fts|ES2344+514|23 47 04.00|+51 42 18.0|356.76666666666665|51.705000000000005|1085.3531680477504|983.1373892374778|R_Astrodon_2018|2458729.367164352|180.0|21.3248737839|3.52434250116|37.8643|1.6389740644
13|2019-09-02|L-Lacertae-20190902@185039-R_Astrodon_2018.fts|L-Lacertae|22 02 43.30|+42 16 40.0|330.68041666666664|42.27777777777778|1021.7913888502335|1025.756557935373|R_Astrodon_2018|2458729.285243056|180.0|21.3825007405|4.52401160002|41.4449|1.52152766702
14|2019-09-02|L-Lacertae-20190902@185400-R_Astrodon_2018.fts|L-Lacertae|22 02 43.30|+42 16 40.0|330.68041666666664|42.27777777777778|1021.6835654899903|1029.2388418459166|R_Astrodon_2018|2458729.2875|180.0|21.3821141339|4.38411684036|40.844|1.54018577544
15|2019-09-02|L-Lacertae-20190902@203337-R_Astrodon_2018.fts|L-Lacertae|22 02 43.30|+42 16 40.0|330.68041666666664|42.27777777777778|1022.4724851178287|1025.582745427353|R_Astrodon_2018|2458729.356747685|180.0|20.6352286381|4.7329539299|22.4556|2.64477693909
16|2019-09-02|PKS0735+17-20190902@200807-R_Astrodon_2018.fts|PKS0735+17|07 38 07.40|+17 42 19.0|114.53083333333332|17.705277777777777|1022.6523507036827|1023.0335531260098|R_Astrodon_2018|2458729.339050926|180.0|20.9595384605|6.15684406757|24.9119|2.32349033691
17|2019-09-02|S5_0716+71-20190902@201549-R_Astrodon_2018.fts|S5_0716+71|07 21 53.40|+71 20 36.0|110.47249999999998|71.34333333333333|968.287826279997|1103.5242129426158|R_Astrodon_2018|2458729.3443981484|180.0|21.3380193723|4.41263720989|30.4176|1.96354145615
18|2019-09-02|S5_0716+71-20190902@201911-R_Astrodon_2018.fts|S5_0716+71|07 21 53.40|+71 20 36.0|110.47249999999998|71.34333333333333|968.8556672977331|1102.9997744020857|R_Astrodon_2018|2458729.3466666667|180.0|21.3566653428|5.19562649727|30.6673|1.94919935312
19|2019-09-07|3C345-20190907@145822-R_Astrodon_2018.fts|3C345|16 42 58.80|+39 48 37.0|250.74499999999995|39.81027777777778|960.0462063309328|1166.6570024384237|R_Astrodon_2018|2458734.123923611|180.0|19.7314168973|3.66501743793|21.3134|2.78489102403
20|2019-09-07|3C345-20190907@150142-R_Astrodon_2018.fts|3C345|16 42 58.80|+39 48 37.0|250.74499999999995|39.81027777777778|961.1870799883118|1166.7001584214538|R_Astrodon_2018|2458734.1261921297|180.0|19.961759567|3.81155183315|20.702|2.8637381315
21|2019-09-07|3C371-20190907@152440-R_Astrodon_2018.fts|3C371|18 06 50.70|+69 49 28.0|271.71124999999995|69.82444444444444|1052.9707126754442|1054.7802006670527|R_Astrodon_2018|2458734.1422222224|180.0|21.2425858964|2.84510384798|29.9029|2.0155189797
22|2019-09-07|3C371-20190907@152803-R_Astrodon_2018.fts|3C371|18 06 50.70|+69 49 28.0|271.71124999999995|69.82444444444444|1051.8963093556292|1055.9129485016717|R_Astrodon_2018|2458734.1444791667|180.0|21.2421059814|2.80023214817|29.6292|2.03262224904
23|2019-09-07|3C454-3-20190907@154728-R_Astrodon_2018.fts|3C454-3|22 53 57.70|+16 08 54.0|343.49041666666665|16.148333333333333|1032.059436387456|1014.8285979259189|R_Astrodon_2018|2458734.157974537|180.0|20.8080932223|3.01260038614|82.6511|1.0081658679
24|2019-09-07|3C454-3-20190907@155044-R_Astrodon_2018.fts|3C454-3|22 53 57.70|+16 08 54.0|343.49041666666665|16.148333333333333|1032.9688591105307|1013.9703073464575|R_Astrodon_2018|2458734.1602314813|180.0|20.7197831285|3.20768444538|82.5445|1.00853289222
25|2019-09-07|3C66A-20190907@161200-R_Astrodon_2018.fts|3C66A|02 22 39.60|+43 02 08.0|35.665|43.035555555555554|1090.1477737454136|1042.9098581640444|R_Astrodon_2018|2458734.1750925924|180.0|21.2358984633|2.62520747185|48.0165|1.33746026988
26|2019-09-07|3C66A-20190907@161524-R_Astrodon_2018.fts|3C66A|02 22 39.60|+43 02 08.0|35.665|43.035555555555554|1089.2151683267407|1040.9924436874194|R_Astrodon_2018|2458734.177361111|180.0|21.5020926864|2.79769672155|48.5991|1.32551542129
27|2019-09-07|4C38-41-20190907@145059-R_Astrodon_2018.fts|4C38-41|16 35 15.50|+38 08 04.0|248.81458333333327|38.13444444444444|955.8518599876876|1170.7187007070052|R_Astrodon_2018|2458734.1188078704|180.0|18.7069008502|3.41964609623|20.8529|2.84872241962
28|2019-09-07|4C38-41-20190907@145419-R_Astrodon_2018.fts|4C38-41|16 35 15.50|+38 08 04.0|248.81458333333327|38.13444444444444|956.6597503350629|1170.9131782562472|R_Astrodon_2018|2458734.1210532407|180.0|19.7400318641|3.900785923|20.235|2.9335804762
29|2019-09-07|4C51-37-20190907@151719-R_Astrodon_2018.fts|4C51-37|17 40 37.00|+52 11 43.0|265.15416666666664|52.195277777777775|1054.7917533836555|998.6562962581974|R_Astrodon_2018|2458734.1371180555|180.0|21.4013939657|2.85302909613|29.5444|2.04701340644
30|2019-09-07|4C51-37-20190907@152042-R_Astrodon_2018.fts|4C51-37|17 40 37.00|+52 11 43.0|265.15416666666664|52.195277777777775|1054.219820834413|1000.8059502671251|R_Astrodon_2018|2458734.139375|180.0|21.3552449152|2.79957760572|29.0451|2.07949417989
31|2019-09-07|AO0235+16-20190907@161930-R_Astrodon_2018.fts|AO0235+16|02 38 38.90|+16 36 59.0|39.66208333333333|16.616388888888892|1053.613936095361|1001.085777757209|R_Astrodon_2018|2458734.180300926|180.0|21.7188346499|2.88163250685|45.1196|1.39788119395
32|2019-09-07|CTA102-20190907@154045-R_Astrodon_2018.fts|CTA102|22 32 36.40|+11 43 51.0|338.15166666666664|11.730833333333333|955.321011085065|1085.511741655831|R_Astrodon_2018|2458734.1533564813|180.0|21.1525900772|2.89248960018|77.5511|1.02427848275
33|2019-09-07|CTA102-20190907@154405-R_Astrodon_2018.fts|CTA102|22 32 36.40|+11 43 51.0|338.15166666666664|11.730833333333333|956.8803839253676|1085.015990138281|R_Astrodon_2018|2458734.155625|180.0|21.154868624|2.82305181026|77.2705|1.02552240992
34|2019-09-07|ES2344+514-20190907@160417-R_Astrodon_2018.fts|ES2344+514|23 47 04.00|+51 42 18.0|356.76666666666665|51.705000000000005|1021.5860031099074|1025.596029644803|R_Astrodon_2018|2458734.1697337963|180.0|21.6908328466|2.72780044079|61.0436|1.14266227106
35|2019-09-07|ES2344+514-20190907@160742-R_Astrodon_2018.fts|ES2344+514|23 47 04.00|+51 42 18.0|356.76666666666665|51.705000000000005|1021.0292203122175|1026.7228929561388|R_Astrodon_2018|2458734.172025463|180.0|20.5507495107|2.80664485693|61.1779|1.14128561979
36|2019-09-07|L-Lacertae-20190907@153231-R_Astrodon_2018.fts|L-Lacertae|22 02 43.30|+42 16 40.0|330.68041666666664|42.27777777777778|1022.9001794494816|1025.3079948251539|R_Astrodon_2018|2458734.147673611|180.0|21.4523324167|3.09087820053|69.5099|1.06932725237
37|2019-09-07|L-Lacertae-20190907@153555-R_Astrodon_2018.fts|L-Lacertae|22 02 43.30|+42 16 40.0|330.68041666666664|42.27777777777778|1023.1844810139194|1025.988660888883|R_Astrodon_2018|2458734.14994213|180.0|21.3945005979|3.00702863932|69.2309|1.07141736092
38|2019-09-07|Mkn501-20190907@150546-R_Astrodon_2018.fts|Mkn501|16 53 52.20|+39 45 37.0|253.4675|39.76027777777778|1025.3895264271268|1017.3139775732122|R_Astrodon_2018|2458734.1290625|180.0|20.7241066572|3.62111061811|21.9512|2.71166459796
39|2019-09-07|Mkn501-20190907@150935-R_Astrodon_2018.fts|Mkn501|16 53 52.20|+39 45 37.0|253.4675|39.76027777777778|1025.9035489142154|1019.2700968964409|R_Astrodon_2018|2458734.131724537|180.0|20.7163135881|3.4793680191|21.2319|2.80017569592
40|2019-09-07|PKS2155-304-20190907@155501-R_Astrodon_2018.fts|PKS2155-304|21 58 52.00|-30 13 32.0|329.7166666666666|-30.225555555555555|966.0149492330199|1190.9129015218866|R_Astrodon_2018|2458734.163287037|180.0|21.1475025372|2.71837154627|34.0505|1.78258633968
41|2019-09-07|PKS2155-304-20190907@155823-R_Astrodon_2018.fts|PKS2155-304|21 58 52.00|-30 13 32.0|329.7166666666666|-30.225555555555555|968.41152578966|1189.3282419238524|R_Astrodon_2018|2458734.1655555554|180.0|21.1881753696|2.56017386913|33.8245|1.79334285522
42|2019-09-10|3C345-20190910@121213-R_Astrodon_2018.fts|3C345|16 42 58.80|+39 48 37.0|250.74499999999995|39.81027777777778|1035.1596338470576|1008.3930570328486|R_Astrodon_2018|2458737.0084953704|180.0|20.853075326|4.52452011108|50.8092|1.2977260058
43|2019-09-10|3C345-20190910@121528-R_Astrodon_2018.fts|3C345|16 42 58.80|+39 48 37.0|250.74499999999995|39.81027777777778|1034.7895425658858|1011.4371850979888|R_Astrodon_2018|2458737.0107407407|180.0|20.8789972999|4.46278688908|50.1987|1.30947499671
44|2019-09-10|3C371-20190910@123329-R_Astrodon_2018.fts|3C371|18 06 50.70|+69 49 28.0|271.71124999999995|69.82444444444444|1044.6477766824107|1043.1574378679204|R_Astrodon_2018|2458737.0233449074|180.0|20.5723695982|4.85826263428|41.0054|1.52667207088
45|2019-09-10|3C371-20190910@123653-R_Astrodon_2018.fts|3C371|18 06 50.70|+69 49 28.0|271.71124999999995|69.82444444444444|1044.790631379489|1043.8927578443834|R_Astrodon_2018|2458737.0256134258|180.0|21.3464768641|4.4484241128|40.8485|1.53161681709
46|2019-09-10|3C454-3-20190910@125618-R_Astrodon_2018.fts|3C454-3|22 53 57.70|+16 08 54.0|343.49041666666665|16.148333333333333|1018.2563293130423|1032.6894425801397|R_Astrodon_2018|2458737.039097222|180.0|20.4345817926|4.50716507435|52.458|1.25164838855
47|2019-09-10|3C454-3-20190910@125933-R_Astrodon_2018.fts|3C454-3|22 53 57.70|+16 08 54.0|343.49041666666665|16.148333333333333|1017.6292074116724|1031.611314246918|R_Astrodon_2018|2458737.041365741|180.0|20.5342921473|4.45137416124|53.2072|1.23950400999
48|2019-09-10|4C38-41-20190910@120537-R_Astrodon_2018.fts|4C38-41|16 35 15.50|+38 08 04.0|248.81458333333327|38.13444444444444|1032.128614147279|1007.7282337211914|R_Astrodon_2018|2458737.0039004628|180.0|21.0436832903|4.57884814739|50.9076|1.29609071462
49|2019-09-10|4C38-41-20190910@120852-R_Astrodon_2018.fts|4C38-41|16 35 15.50|+38 08 04.0|248.81458333333327|38.13444444444444|1031.9715377503785|1010.8538386269614|R_Astrodon_2018|2458737.0061689815|180.0|21.1058375164|4.98157224655|50.2716|1.30824563327
50|2019-09-10|4C51-37-20190910@122607-R_Astrodon_2018.fts|4C51-37|17 40 37.00|+52 11 43.0|265.15416666666664|52.195277777777775|1057.829104020697|984.883694031378|R_Astrodon_2018|2458737.0182291665|180.0|21.4642209691|4.31364965439|52.5496|1.26431685208
51|2019-09-10|4C51-37-20190910@122930-R_Astrodon_2018.fts|4C51-37|17 40 37.00|+52 11 43.0|265.15416666666664|52.195277777777775|1057.192656931109|986.7314209191602|R_Astrodon_2018|2458737.0204976853|180.0|21.24370548|4.59350571632|52.1508|1.2712924929
52|2019-09-10|CTA102-20190910@124935-R_Astrodon_2018.fts|CTA102|22 32 36.40|+11 43 51.0|338.15166666666664|11.730833333333333|1073.1818166004857|1022.803436815327|R_Astrodon_2018|2458737.034502315|180.0|20.8646754126|4.54406368732|54.2282|1.22380102366
53|2019-09-10|CTA102-20190910@125256-R_Astrodon_2018.fts|CTA102|22 32 36.40|+11 43 51.0|338.15166666666664|11.730833333333333|1072.7260469620699|1021.241946820695|R_Astrodon_2018|2458737.036759259|180.0|20.8486674219|4.52864189148|54.9559|1.21293329541
54|2019-09-10|DA406-20190910@115851-R_Astrodon_2018.fts|DA406|16 13 41.00|+34 12 48.0|243.42083333333326|34.21333333333334|1102.7691178025968|913.4507250792241|R_Astrodon_2018|2458736.9992939816|180.0|21.243184045|4.98689312935|48.3054|1.34892931506
55|2019-09-10|DA406-20190910@120215-R_Astrodon_2018.fts|DA406|16 13 41.00|+34 12 48.0|243.42083333333326|34.21333333333334|1101.964217888074|916.5755288425506|R_Astrodon_2018|2458737.0015625|180.0|21.2103343531|4.63441030979|47.6286|1.36366313996
56|2019-09-10|KS1510-08-20190910@114804-R_Astrodon_2018.fts|KS1510-08|15 12 50.50|-09 06 00.0|228.21041666666665|-9.1|1033.8162763916705|1147.6580209392114|R_Astrodon_2018|2458736.9918055558|180.0|20.6331444358|4.87401254177|23.8468|2.5041256369
57|2019-09-10|KS1510-08-20190910@115155-R_Astrodon_2018.fts|KS1510-08|15 12 50.50|-09 06 00.0|228.21041666666665|-9.1|1035.2018811409987|1147.3474830480977|R_Astrodon_2018|2458736.994479167|180.0|20.7100974976|4.93843655586|23.0265|2.58997744366
58|2019-09-10|L-Lacertae-20190910@124156-R_Astrodon_2018.fts|L-Lacertae|22 02 43.30|+42 16 40.0|330.68041666666664|42.27777777777778|1022.3851898544042|1025.637709701632|R_Astrodon_2018|2458737.029212963|180.0|21.4992020369|4.76617078781|58.8176|1.16437187183
59|2019-09-10|L-Lacertae-20190910@124519-R_Astrodon_2018.fts|L-Lacertae|22 02 43.30|+42 16 40.0|330.68041666666664|42.27777777777778|1021.8944954229797|1025.8672182590324|R_Astrodon_2018|2458737.0314699076|180.0|21.4923393289|4.63316977024|59.3495|1.15805804042
60|2019-09-10|Mkn501-20190910@121849-R_Astrodon_2018.fts|Mkn501|16 53 52.20|+39 45 37.0|253.4675|39.76027777777778|1036.2456298649236|1004.2330581392388|R_Astrodon_2018|2458737.0130671295|180.0|21.3494527405|4.56787250042|51.6254|1.28281101326
61|2019-09-10|Mkn501-20190910@122205-R_Astrodon_2018.fts|Mkn501|16 53 52.20|+39 45 37.0|253.4675|39.76027777777778|1035.9543882312|1007.308884815522|R_Astrodon_2018|2458737.0153356483|180.0|21.3500837434|4.42672406435|51.0099|1.29411968795
62|2019-09-12|3C371-20190912@165705-R_Astrodon_2018.fts|3C371|18 06 50.70|+69 49 28.0|271.71124999999995|69.82444444444444|946.5504066447771|1222.0312607572307|R_Astrodon_2018|2458739.2063194443|180.0|21.1255684938|3.99233419895|20.3082|2.89461139936
63|2019-09-12|3C371-20190912@170020-R_Astrodon_2018.fts|3C371|18 06 50.70|+69 49 28.0|271.71124999999995|69.82444444444444|947.5086913176476|1222.9055374471686|R_Astrodon_2018|2458739.2085763887|180.0|21.1045251055|3.91661691666|20.0348|2.93248756108
64|2019-09-12|3C66A-20190912@172529-R_Astrodon_2018.fts|3C66A|02 22 39.60|+43 02 08.0|35.665|43.035555555555554|1022.3851961624605|1025.94309272325|R_Astrodon_2018|2458739.2261226852|180.0|21.7102786537|2.78479346037|63.3318|1.11675712153
65|2019-09-12|3C66A-20190912@172852-R_Astrodon_2018.fts|3C66A|02 22 39.60|+43 02 08.0|35.665|43.035555555555554|1022.4949257803466|1026.4537647412185|R_Astrodon_2018|2458739.2283912036|180.0|21.7223257572|2.75798420906|63.7846|1.11247411028
66|2019-09-12|AO0235+16-20190912@173325-R_Astrodon_2018.fts|AO0235+16|02 38 38.90|+16 36 59.0|39.66208333333333|16.616388888888892|1065.1890363299185|1008.3255249392|R_Astrodon_2018|2458739.2316203704|180.0|21.7849227195|2.80929141045|66.4998|1.08623347158
67|2019-09-12|ES2344+514-20190912@171616-R_Astrodon_2018.fts|ES2344+514|23 47 04.00|+51 42 18.0|356.76666666666665|51.705000000000005|1038.2693675635617|976.9226013118131|R_Astrodon_2018|2458739.219710648|180.0|21.7826578993|2.6650503993|59.6075|1.16184984484
68|2019-09-12|ES2344+514-20190912@171951-R_Astrodon_2018.fts|ES2344+514|23 47 04.00|+51 42 18.0|356.76666666666665|51.705000000000005|1038.0445681853125|977.4128754625068|R_Astrodon_2018|2458739.2221180554|180.0|21.793359268|2.60558872223|59.3547|1.16498812529
69|2019-09-12|L-Lacertae-20190912@170838-R_Astrodon_2018.fts|L-Lacertae|22 02 43.30|+42 16 40.0|330.68041666666664|42.27777777777778|1006.4344756052698|995.4218432884677|R_Astrodon_2018|2458739.2144212965|180.0|21.5311219577|3.04551826715|52.8263|1.26156191335
70|2019-09-12|L-Lacertae-20190912@171201-R_Astrodon_2018.fts|L-Lacertae|22 02 43.30|+42 16 40.0|330.68041666666664|42.27777777777778|1006.2931088655515|998.0974486173565|R_Astrodon_2018|2458739.216689815|180.0|21.5332709089|3.21876490116|52.2486|1.27151030916
71|2019-09-13|3C66A-20190913@182339-R_Astrodon_2018.fts|3C66A|02 22 39.60|+43 02 08.0|35.665|43.035555555555554|1022.7041118360671|1025.6931726973291|R_Astrodon_2018|2458740.2665046295|180.0|21.6514008588|2.03589237332|69.7317|1.06574078787
72|2019-09-13|3C66A-20190913@182702-R_Astrodon_2018.fts|3C66A|02 22 39.60|+43 02 08.0|35.665|43.035555555555554|1022.5479270428254|1027.1847938372578|R_Astrodon_2018|2458740.2687731483|180.0|21.6645543422|2.0271766901|69.8976|1.06469430143
73|2019-09-13|4C71-07-20190913@184745-R_Astrodon_2018.fts|4C71-07|08 41 24.30|+70 53 42.0|130.35125|70.89500000000001|1083.0198714818866|1203.43228507464|R_Astrodon_2018|2458740.283171296|180.0|20.602074039|2.73914544582|20.4759|2.82539031369
74|2019-09-13|AO0235+16-20190913@183201-R_Astrodon_2018.fts|AO0235+16|02 38 38.90|+16 36 59.0|39.66208333333333|16.616388888888892|1068.5834674765977|1009.3805366853155|R_Astrodon_2018|2458740.272326389|180.0|21.4789450475|2.19576493502|79.6328|1.01524373303
75|2019-09-13|ES2344+514-20190913@181438-R_Astrodon_2018.fts|ES2344+514|23 47 04.00|+51 42 18.0|356.76666666666665|51.705000000000005|1055.2203226774814|946.5339248687587|R_Astrodon_2018|2458740.2602430554|180.0|21.3924946574|2.41834301949|53.478|1.24892932278
76|2019-09-13|ES2344+514-20190913@181800-R_Astrodon_2018.fts|ES2344+514|23 47 04.00|+51 42 18.0|356.76666666666665|51.705000000000005|1054.6611539951932|949.0955781916962|R_Astrodon_2018|2458740.262511574|180.0|21.4194733009|2.21346764565|53.0811|1.2555757455
77|2019-09-13|L-Lacertae-20190913@180700-R_Astrodon_2018.fts|L-Lacertae|22 02 43.30|+42 16 40.0|330.68041666666664|42.27777777777778|1070.3960359469095|874.3558833382962|R_Astrodon_2018|2458740.254965278|180.0|21.2332384411|2.55212490559|41.5096|1.52056611866
78|2019-09-13|L-Lacertae-20190913@181023-R_Astrodon_2018.fts|L-Lacertae|22 02 43.30|+42 16 40.0|330.68041666666664|42.27777777777778|1069.862382655009|877.2017436666911|R_Astrodon_2018|2458740.257222222|180.0|21.3696466324|2.62292320728|40.9087|1.53913315713
79|2019-09-13|S5_0716+71-20190913@173530-R_Astrodon_2018.fts|S5_0716+71|07 21 53.40|+71 20 36.0|110.47249999999998|71.34333333333333|1023.7869936444264|1027.6768831520315|R_Astrodon_2018|2458740.2330555557|180.0|21.404697682|2.84360069036|21.1341|2.7406630806
80|2019-09-13|S5_0716+71-20190913@184041-R_Astrodon_2018.fts|S5_0716+71|07 21 53.40|+71 20 36.0|110.47249999999998|71.34333333333333|1049.8665619929652|1177.5288559601904|R_Astrodon_2018|2458740.2783333333|180.0|21.1034962517|2.45732449293|26.3384|2.23725822777
81|2019-09-13|S5_0716+71-20190913@184403-R_Astrodon_2018.fts|S5_0716+71|07 21 53.40|+71 20 36.0|110.47249999999998|71.34333333333333|1048.546934836029|1176.6205451776386|R_Astrodon_2018|2458740.2806018516|180.0|20.3940267534|2.54839857817|26.5994|2.21705204906
82|2019-09-17|3C66A-20190917@184042-R_Astrodon_2018.fts|3C66A|02 22 39.60|+43 02 08.0|35.665|43.035555555555554|1001.6161225433876|956.2593356085144|R_Astrodon_2018|2458744.2783564813|180.0|21.2447199727|3.43886903524|70.3748|1.06235433348
83|2019-09-17|3C66A-20190917@184417-R_Astrodon_2018.fts|3C66A|02 22 39.60|+43 02 08.0|35.665|43.035555555555554|1002.3104823895804|955.8821545022265|R_Astrodon_2018|2458744.2807638887|180.0|21.2002753285|3.45248467922|70.3065|1.06290535418
84|2019-09-17|3C66A-20190917@200300-R_Astrodon_2018.fts|3C66A|02 22 39.60|+43 02 08.0|35.665|43.035555555555554|1039.110135897465|868.8711703916548|R_Astrodon_2018|2458744.3355092593|180.0|20.7575391972|3.99690471888|63.0496|1.12494719456
85|2019-09-17|3C66A-20190917@200636-R_Astrodon_2018.fts|3C66A|02 22 39.60|+43 02 08.0|35.665|43.035555555555554|1039.051000553029|870.8609000106123|R_Astrodon_2018|2458744.3379166666|180.0|20.9486804584|3.97277112007|62.5537|1.13010242249
86|2019-09-17|4C71-07-20190917@191951-R_Astrodon_2018.fts|4C71-07|08 41 24.30|+70 53 42.0|130.35125|70.89500000000001|130.35125|70.89500000000001|R_Astrodon_2018|2458744.3055671295|180.0|-9999|-9999|24.3752|2.40083066924
87|2019-09-17|AO0235+16-20190917@185527-R_Astrodon_2018.fts|AO0235+16|02 38 38.90|+16 36 59.0|39.66208333333333|16.616388888888892|1022.4726449429033|1023.4422386799037|R_Astrodon_2018|2458744.2885879627|180.0|21.0996014245|4.19303895235|83.0001|1.00756203812
88|2019-09-17|AO0235+16-20190917@185848-R_Astrodon_2018.fts|AO0235+16|02 38 38.90|+16 36 59.0|39.66208333333333|16.616388888888892|1023.2180031682548|1022.434987035535|R_Astrodon_2018|2458744.2908449075|180.0|21.2089622338|4.66723229885|82.8048|1.00810224848
89|2019-09-17|AO0235+16-20190917@201116-R_Astrodon_2018.fts|AO0235+16|02 38 38.90|+16 36 59.0|39.66208333333333|16.616388888888892|970.1290985974578|1058.7182946903172|R_Astrodon_2018|2458744.341261574|180.0|21.07737577|5.6059352292|69.5519|1.06993128596
90|2019-09-17|AO0235+16-20190917@201453-R_Astrodon_2018.fts|AO0235+16|02 38 38.90|+16 36 59.0|39.66208333333333|16.616388888888892|971.0775111970635|1060.017311645991|R_Astrodon_2018|2458744.3436805555|180.0|21.0259404752|10.4637184143|68.7794|1.07558452757
91|2019-09-17|ES2344+514-20190917@183245-R_Astrodon_2018.fts|ES2344+514|23 47 04.00|+51 42 18.0|356.76666666666665|51.705000000000005|1062.0861512697518|930.088417950001|R_Astrodon_2018|2458744.272824074|180.0|21.1942209477|4.2271643281|49.1139|1.32872990335
92|2019-09-17|ES2344+514-20190917@183608-R_Astrodon_2018.fts|ES2344+514|23 47 04.00|+51 42 18.0|356.76666666666665|51.705000000000005|1061.7395156194293|933.2818155627642|R_Astrodon_2018|2458744.2750925925|180.0|21.1404608395|3.66875706911|48.667|1.33800099448
93|2019-09-17|ES2344+514-20190917@195515-R_Astrodon_2018.fts|ES2344+514|23 47 04.00|+51 42 18.0|356.76666666666665|51.705000000000005|1016.4814251224765|1047.1873807714505|R_Astrodon_2018|2458744.3301273147|180.0|20.7393550131|4.27089021206|36.9988|1.67136891573
94|2019-09-17|ES2344+514-20190917@195840-R_Astrodon_2018.fts|ES2344+514|23 47 04.00|+51 42 18.0|356.76666666666665|51.705000000000005|1015.574995510273|1049.877916420226|R_Astrodon_2018|2458744.3324189815|180.0|20.6304946302|4.29841113091|36.4914|1.69144206331
95|2019-09-17|L-Lacertae-20190917@182511-R_Astrodon_2018.fts|L-Lacertae|22 02 43.30|+42 16 40.0|330.68041666666664|42.27777777777778|996.8022001505395|964.1500525390823|R_Astrodon_2018|2458744.2675810186|180.0|20.9848467729|3.9991166234|35.2293|1.74827849338
96|2019-09-17|L-Lacertae-20190917@182833-R_Astrodon_2018.fts|L-Lacertae|22 02 43.30|+42 16 40.0|330.68041666666664|42.27777777777778|996.2924166174639|967.2123772758115|R_Astrodon_2018|2458744.269837963|180.0|20.9398096329|4.29965338707|34.6266|1.77516957288
97|2019-09-17|L-Lacertae-20190917@192938-R_Astrodon_2018.fts|L-Lacertae|22 02 43.30|+42 16 40.0|330.68041666666664|42.27777777777778|1021.7665644952681|1027.9304209653503|R_Astrodon_2018|2458744.312349537|180.0|20.4408310011|5.07700693607|23.3562|2.5476488494
98|2019-09-17|L-Lacertae-20190917@193329-R_Astrodon_2018.fts|L-Lacertae|22 02 43.30|+42 16 40.0|330.68041666666664|42.27777777777778|1022.3859915700685|1028.5073107957076|R_Astrodon_2018|2458744.315023148|180.0|20.3821564949|4.48566536903|22.6563|2.62256311809
99|2019-09-17|OJ248-20190917@202806-R_Astrodon_2018.fts|OJ248|08 30 52.10|+24 11 00.0|127.71708333333332|24.183333333333334|1028.261057062318|1074.832790828015|R_Astrodon_2018|2458744.352939815|180.0|20.3405038375|4.60546548367|32.623|1.82819829004
100|2019-09-17|OJ248-20190917@203128-R_Astrodon_2018.fts|OJ248|08 30 52.10|+24 11 00.0|127.71708333333332|24.183333333333334|1028.5148832758096|1072.6385214094985|R_Astrodon_2018|2458744.355196759|180.0|20.4652931643|4.80254962444|33.3465|1.7935669658
101|2019-09-17|OJ287-20190917@203503-R_Astrodon_2018.fts|OJ287|08 54 48.90|+20 06 31.0|133.70374999999999|20.108611111111113|1027.8918002176833|1046.4410055632957|R_Astrodon_2018|2458744.357673611|180.0|20.9835682181|4.61214785576|27.7392|2.10964530963
102|2019-09-17|OJ287-20190917@203817-R_Astrodon_2018.fts|OJ287|08 54 48.90|+20 06 31.0|133.70374999999999|20.108611111111113|1029.1484725763828|1043.0710144899108|R_Astrodon_2018|2458744.3599305553|180.0|20.9092827858|4.87125298977|28.4725|2.06062567394
103|2019-09-17|OJ49-20190917@204228-R_Astrodon_2018.fts|OJ49|08 31 48.90|+04 29 39.0|127.95375|4.494166666666667|1034.1013753889843|1012.1875302939764|R_Astrodon_2018|2458744.3629050925|180.0|20.1303789466|4.86927890778|29.2917|2.00853753132
104|2019-09-17|OJ49-20190917@204550-R_Astrodon_2018.fts|OJ49|08 31 48.90|+04 29 39.0|127.95375|4.494166666666667|1034.166447501641|1010.0005904160379|R_Astrodon_2018|2458744.365162037|180.0|19.8346206414|4.53201811314|30.0307|1.96453700898
105|2019-09-17|PKS0735+17-20190917@190432-R_Astrodon_2018.fts|PKS0735+17|07 38 07.40|+17 42 19.0|114.53083333333332|17.705277777777777|1023.0889535820754|1022.0077871186295|R_Astrodon_2018|2458744.2949074074|180.0|20.7058563328|7.18929867744|23.8714|2.41539981294
106|2019-09-17|PKS0735+17-20190917@202037-R_Astrodon_2018.fts|PKS0735+17|07 38 07.40|+17 42 19.0|114.53083333333332|17.705277777777777|1021.6129367397238|1020.935975501075|R_Astrodon_2018|2458744.3477314813|180.0|20.3464090093|4.28272206783|41.2356|1.50155587947
107|2019-09-17|PKS0735+17-20190917@202359-R_Astrodon_2018.fts|PKS0735+17|07 38 07.40|+17 42 19.0|114.53083333333332|17.705277777777777|1021.5243661865256|1018.2156115133756|R_Astrodon_2018|2458744.349988426|180.0|20.6269759267|4.72421691418|41.9817|1.47996270125
108|2019-09-17|S5_0716+71-20190917@191225-R_Astrodon_2018.fts|S5_0716+71|07 21 53.40|+71 20 36.0|110.47249999999998|71.34333333333333|968.6867629312732|1104.0968970909244|R_Astrodon_2018|2458744.3003819445|180.0|19.944891387|4.21669461727|30.0791|1.98340638472
109|2019-09-17|S5_0716+71-20190917@191548-R_Astrodon_2018.fts|S5_0716+71|07 21 53.40|+71 20 36.0|110.47249999999998|71.34333333333333|969.3611812714328|1102.56815195111|R_Astrodon_2018|2458744.302638889|180.0|20.1563431604|4.81114287376|30.329|1.96871747903
110|2019-09-17|S5_0716+71-20190917@205022-R_Astrodon_2018.fts|S5_0716+71|07 21 53.40|+71 20 36.0|110.47249999999998|71.34333333333333|922.2757561755383|1094.0475380618225|R_Astrodon_2018|2458744.3684143517|180.0|21.20099262|4.11258472204|36.9091|1.65855336528
111|2019-09-18|3C66A-20190918@205407-R_Astrodon_2018.fts|3C66A|02 22 39.60|+43 02 08.0|35.665|43.035555555555554|1062.384223044351|829.3450210850531|R_Astrodon_2018|2458745.371006944|180.0|21.2019048056|2.90208462477|54.333|1.23618721268
112|2019-09-18|3C66A-20190918@205730-R_Astrodon_2018.fts|3C66A|02 22 39.60|+43 02 08.0|35.665|43.035555555555554|1061.6710724957263|831.8429319586903|R_Astrodon_2018|2458745.373263889|180.0|21.101310945|2.86329584122|53.7774|1.24506714099
113|2019-09-18|4C71-07-20190918@202421-R_Astrodon_2018.fts|4C71-07|08 41 24.30|+70 53 42.0|130.35125|70.89500000000001|1026.3080350204136|1157.8259564206517|R_Astrodon_2018|2458745.3503356483|180.0|20.2837109767|3.84063187838|29.9306|1.9904719113
114|2019-09-18|4C71-07-20190918@202743-R_Astrodon_2018.fts|4C71-07|08 41 24.30|+70 53 42.0|130.35125|70.89500000000001|1025.3458684864634|1157.5735168487756|R_Astrodon_2018|2458745.3525810186|180.0|20.3234168899|3.26138652563|30.1864|1.97519004814
115|2019-09-18|ES2344+514-20190918@204621-R_Astrodon_2018.fts|ES2344+514|23 47 04.00|+51 42 18.0|356.76666666666665|51.705000000000005|1016.8129913425417|1036.5858399510637|R_Astrodon_2018|2458745.365613426|180.0|20.9797886275|3.52129458189|28.4741|2.1111225705
116|2019-09-18|ES2344+514-20190918@204947-R_Astrodon_2018.fts|ES2344+514|23 47 04.00|+51 42 18.0|356.76666666666665|51.705000000000005|1016.5732885817985|1038.4558577527364|R_Astrodon_2018|2458745.3679050924|180.0|20.9539995694|3.50764576197|27.9621|2.14687091594
117|2019-09-18|S4_0954+65-20190918@203123-R_Astrodon_2018.fts|S4_0954+65|09 58 47.20|+65 33 55.0|149.69666666666666|65.56527777777778|1065.651010709212|1190.0578029284154|R_Astrodon_2018|2458745.355138889|180.0|19.7853322628|3.80315859318|23.9238|2.43618164898
118|2019-09-18|S5_0716+71-20190918@202010-R_Astrodon_2018.fts|S5_0716+71|07 21 53.40|+71 20 36.0|110.47249999999998|71.34333333333333|988.9151948351719|1138.2462233341596|R_Astrodon_2018|2458745.3474305556|180.0|20.5265137437|3.56943789721|35.2551|1.72475674272
119|2019-09-19|AO0235+16-20190919@202014-R_Astrodon_2018.fts|AO0235+16|02 38 38.90|+16 36 59.0|39.66208333333333|16.616388888888892|1023.2522070393617|1024.4797294967739|R_Astrodon_2018|2458746.347488426|180.0|21.6906804192|2.39763580561|65.7932|1.09985395746
120|2019-09-19|AO0235+16-20190919@202337-R_Astrodon_2018.fts|AO0235+16|02 38 38.90|+16 36 59.0|39.66208333333333|16.616388888888892|1023.2105261817304|1025.5267525292993|R_Astrodon_2018|2458746.3497453704|180.0|21.64270346|2.67104471922|65.0609|1.10647264138
121|2019-09-19|OJ248-20190919@203649-R_Astrodon_2018.fts|OJ248|08 30 52.10|+24 11 00.0|127.71708333333332|24.183333333333334|1028.657146054014|1069.9794787215133|R_Astrodon_2018|2458746.3589930558|180.0|21.0233786739|3.5386878252|36.3206|1.66758403913
122|2019-09-19|OJ248-20190919@204011-R_Astrodon_2018.fts|OJ248|08 30 52.10|+24 11 00.0|127.71708333333332|24.183333333333334|1028.9132091432616|1067.494866345361|R_Astrodon_2018|2458746.36125|180.0|21.1148104028|2.68539264202|37.0473|1.63980716308
123|2019-09-19|OJ287-20190919@204346-R_Astrodon_2018.fts|OJ287|08 54 48.90|+20 06 31.0|133.70374999999999|20.108611111111113|1029.7469201300028|1042.863613809556|R_Astrodon_2018|2458746.363726852|180.0|20.7393263585|3.4613607645|31.4864|1.88564683589
124|2019-09-19|OJ287-20190919@204700-R_Astrodon_2018.fts|OJ287|08 54 48.90|+20 06 31.0|133.70374999999999|20.108611111111113|1030.0474097468266|1041.0381004733051|R_Astrodon_2018|2458746.3659837963|180.0|21.5669448478|2.78437725306|32.2227|1.84755677504
125|2019-09-19|PKS0735+17-20190919@202921-R_Astrodon_2018.fts|PKS0735+17|07 38 07.40|+17 42 19.0|114.53083333333332|17.705277777777777|1021.7552375063568|1021.0424867382783|R_Astrodon_2018|2458746.3537962963|180.0|21.4232244837|3.26079438925|45.0477|1.40058086016
126|2019-09-19|PKS0735+17-20190919@203243-R_Astrodon_2018.fts|PKS0735+17|07 38 07.40|+17 42 19.0|114.53083333333332|17.705277777777777|1021.4009888326161|1017.9974402136617|R_Astrodon_2018|2458746.3560648146|180.0|21.482415409|3.12730492353|45.7984|1.38285605538
127|2019-09-24|3C66A-20190924@163735-R_Astrodon_2018.fts|3C66A|02 22 39.60|+43 02 08.0|35.665|43.035555555555554|1022.8388673168541|1025.7260079256343|R_Astrodon_2018|2458751.192847222|180.0|21.7302514896|3.08314239979|63.2286|1.11773401575
128|2019-09-24|3C66A-20190924@164058-R_Astrodon_2018.fts|3C66A|02 22 39.60|+43 02 08.0|35.665|43.035555555555554|1023.404150309013|1026.4253002322182|R_Astrodon_2018|2458751.195127315|180.0|21.7235509723|3.43110032082|63.6858|1.11340832686
129|2019-09-24|AO0235+16-20190924@164525-R_Astrodon_2018.fts|AO0235+16|02 38 38.90|+16 36 59.0|39.66208333333333|16.616388888888892|1066.3036156975104|1011.9155049965196|R_Astrodon_2018|2458751.198310185|180.0|21.7366405087|4.0946929574|66.3236|1.08769017782
130|2019-09-24|ES2344+514-20190924@162814-R_Astrodon_2018.fts|ES2344+514|23 47 04.00|+51 42 18.0|356.76666666666665|51.705000000000005|1035.9596332002827|975.1200564269848|R_Astrodon_2018|2458751.186354167|180.0|21.7584652234|3.24252551794|59.6677|1.16112758476
131|2019-09-24|ES2344+514-20190924@163151-R_Astrodon_2018.fts|ES2344+514|23 47 04.00|+51 42 18.0|356.76666666666665|51.705000000000005|1035.3655534868715|976.3511409214852|R_Astrodon_2018|2458751.1887962963|180.0|21.7635479965|2.96939467192|59.4142|1.16425612098
132|2019-09-24|L-Lacertae-20190924@162038-R_Astrodon_2018.fts|L-Lacertae|22 02 43.30|+42 16 40.0|330.68041666666664|42.27777777777778|1021.7822178303467|1025.6931266983024|R_Astrodon_2018|2458751.181076389|180.0|21.5076926389|3.27349588871|52.9735|1.25895430144
133|2019-09-24|L-Lacertae-20190924@162400-R_Astrodon_2018.fts|L-Lacertae|22 02 43.30|+42 16 40.0|330.68041666666664|42.27777777777778|1021.4321559754949|1028.3367755414718|R_Astrodon_2018|2458751.1833449076|180.0|21.5185096058|3.25476685762|52.3965|1.26883789169
134|2019-09-25|3C66A-20190925@205250-R_Astrodon_2018.fts|3C66A|02 22 39.60|+43 02 08.0|35.665|43.035555555555554|1021.1044078974635|1024.4456598606225|R_Astrodon_2018|2458752.3701041667|180.0|21.6845200422|2.4753656745|49.7711|1.31555882623
135|2019-09-25|3C66A-20190925@205612-R_Astrodon_2018.fts|3C66A|02 22 39.60|+43 02 08.0|35.665|43.035555555555554|1020.1228993759748|1026.3370756197266|R_Astrodon_2018|2458752.372372685|180.0|21.6787902063|2.51020787954|49.1921|1.32713264909
136|2019-09-25|AO0235+16-20190925@210028-R_Astrodon_2018.fts|AO0235+16|02 38 38.90|+16 36 59.0|39.66208333333333|16.616388888888892|973.6572396799314|1038.4619975401595|R_Astrodon_2018|2458752.3753819442|180.0|21.7186927098|2.39995502234|51.2479|1.28920540915
137|2019-09-25|AO0235+16-20190925@210347-R_Astrodon_2018.fts|AO0235+16|02 38 38.90|+16 36 59.0|39.66208333333333|16.616388888888892|973.7330374480189|1040.369359853049|R_Astrodon_2018|2458752.377638889|180.0|21.6477357711|2.5313606143|50.5011|1.30312755871
138|2019-09-26|3C454-3-20190926@180414-R_Astrodon_2018.fts|3C454-3|22 53 57.70|+16 08 54.0|343.49041666666665|16.148333333333333|1033.8845782942158|995.3520510238714|R_Astrodon_2018|2458753.2529513887|180.0|18.8638938024|2.30698516369|39.224|1.59410735936
139|2019-09-26|3C66A-20190926@181937-R_Astrodon_2018.fts|3C66A|02 22 39.60|+43 02 08.0|35.665|43.035555555555554|1007.5080252481602|938.0991968662423|R_Astrodon_2018|2458753.263715278|180.0|21.0557666949|2.35264942646|69.9278|1.0657441723
140|2019-09-26|3C66A-20190926@182313-R_Astrodon_2018.fts|3C66A|02 22 39.60|+43 02 08.0|35.665|43.035555555555554|1007.8936892341856|938.3601803815316|R_Astrodon_2018|2458753.2661226853|180.0|21.158280822|2.10270497203|69.7556|1.06702311486
141|2019-09-26|AO0235+16-20190926@182846-R_Astrodon_2018.fts|AO0235+16|02 38 38.90|+16 36 59.0|39.66208333333333|16.616388888888892|1021.1099774295305|1024.8752614921252|R_Astrodon_2018|2458753.2700462965|180.0|20.6479942543|2.23829969168|82.3174|1.00940658408
142|2019-09-26|AO0235+16-20190926@183206-R_Astrodon_2018.fts|AO0235+16|02 38 38.90|+16 36 59.0|39.66208333333333|16.616388888888892|1022.1223930349181|1023.9231052637261|R_Astrodon_2018|2458753.272303241|180.0|20.8580432536|2.27880958319|81.9427|1.01043649613
143|2019-09-26|CTA102-20190926@175717-R_Astrodon_2018.fts|CTA102|22 32 36.40|+11 43 51.0|338.15166666666664|11.730833333333333|978.5008908064796|1042.9269196452387|R_Astrodon_2018|2458753.2481944445|180.0|21.0442538486|2.75072261095|34.4621|1.78328552752
144|2019-09-26|CTA102-20190926@180041-R_Astrodon_2018.fts|CTA102|22 32 36.40|+11 43 51.0|338.15166666666664|11.730833333333333|979.0183061889375|1045.4679712191257|R_Astrodon_2018|2458753.2504745373|180.0|20.6206412089|3.05707834959|33.7073|1.81883293418
145|2019-09-26|ES2344+514-20190926@181153-R_Astrodon_2018.fts|ES2344+514|23 47 04.00|+51 42 18.0|356.76666666666665|51.705000000000005|1103.3116807405695|960.8744092268059|R_Astrodon_2018|2458753.2583449073|180.0|21.6410582501|2.50883227587|47.0974|1.37164334547
146|2019-09-26|ES2344+514-20190926@181517-R_Astrodon_2018.fts|ES2344+514|23 47 04.00|+51 42 18.0|356.76666666666665|51.705000000000005|1102.1623527833212|962.9219231666051|R_Astrodon_2018|2458753.260625|180.0|21.6450215423|2.44792804718|46.6326|1.38219893022
147|2019-09-26|L-Lacertae-20190926@172755-R_Astrodon_2018.fts|L-Lacertae|22 02 43.30|+42 16 40.0|330.68041666666664|42.27777777777778|999.8461706480925|1011.4365878942165|R_Astrodon_2018|2458753.2278125|180.0|21.5134531751|2.8530736208|39.2864|1.59120191722
148|2019-09-26|L-Lacertae-20190926@173118-R_Astrodon_2018.fts|L-Lacertae|22 02 43.30|+42 16 40.0|330.68041666666664|42.27777777777778|999.6054915412126|1014.8028064268765|R_Astrodon_2018|2458753.2300810185|180.0|21.4660119041|2.56573880911|38.6811|1.61245101623
149|2019-09-26|PKS0735+17-20190926@183748-R_Astrodon_2018.fts|PKS0735+17|07 38 07.40|+17 42 19.0|114.53083333333332|17.705277777777777|1023.1853430413287|1022.011703303802|R_Astrodon_2018|2458753.2763425927|180.0|20.0387120884|3.32979238033|25.8341|2.24851569295
150|2019-09-27|3C66A-20190927@205336-R_Astrodon_2018.fts|3C66A|02 22 39.60|+43 02 08.0|35.665|43.035555555555554|1064.3870397961164|819.3275910608256|R_Astrodon_2018|2458754.370648148|180.0|21.6751543903|2.54540566206|48.2345|1.34771760926
151|2019-09-27|3C66A-20190927@205658-R_Astrodon_2018.fts|3C66A|02 22 39.60|+43 02 08.0|35.665|43.035555555555554|1063.4076970264318|821.8988044919452|R_Astrodon_2018|2458754.372905093|180.0|21.6598358761|2.51210020781|47.6538|1.36034742716
152|2019-09-27|AO0235+16-20190927@210113-R_Astrodon_2018.fts|AO0235+16|02 38 38.90|+16 36 59.0|39.66208333333333|16.616388888888892|975.3911200653845|1036.652264952904|R_Astrodon_2018|2458754.375925926|180.0|21.7055140968|2.58747491837|49.2607|1.32739994859
153|2019-09-27|AO0235+16-20190927@210435-R_Astrodon_2018.fts|AO0235+16|02 38 38.90|+16 36 59.0|39.66208333333333|16.616388888888892|975.5382822363861|1039.471587872846|R_Astrodon_2018|2458754.3781828703|180.0|21.6580772632|2.52643991709|48.5136|1.34282259198
154|2019-09-27|ES2344+514-20190927@204552-R_Astrodon_2018.fts|ES2344+514|23 47 04.00|+51 42 18.0|356.76666666666665|51.705000000000005|1020.8719387432202|1024.32817258851|R_Astrodon_2018|2458754.365266204|180.0|21.3751203482|3.06208919287|23.0857|2.56654833001
155|2019-09-27|ES2344+514-20190927@204914-R_Astrodon_2018.fts|ES2344+514|23 47 04.00|+51 42 18.0|356.76666666666665|51.705000000000005|1020.1366808946151|1025.9265265146682|R_Astrodon_2018|2458754.367534722|180.0|20.9411104922|2.64979915619|22.5851|2.62047645045
156|2019-09-27|L-Lacertae-20190927@173819-R_Astrodon_2018.fts|L-Lacertae|22 02 43.30|+42 16 40.0|330.68041666666664|42.27777777777778|1023.1464363061879|1025.8775479162614|R_Astrodon_2018|2458754.2350231484|180.0|21.2134305956|2.85670161247|36.6324|1.68928534641
157|2019-09-27|L-Lacertae-20190927@174140-R_Astrodon_2018.fts|L-Lacertae|22 02 43.30|+42 16 40.0|330.68041666666664|42.27777777777778|1022.7299933967074|1028.8218614799025|R_Astrodon_2018|2458754.2372800927|180.0|21.2210493438|2.79999417067|36.0296|1.71391393586
158|2019-09-27|S5_0716+71-20190927@172748-R_Astrodon_2018.fts|S5_0716+71|07 21 53.40|+71 20 36.0|110.47249999999998|71.34333333333333|1019.5966550819372|1141.9852780795682|R_Astrodon_2018|2458754.227719907|180.0|20.7563638359|3.11084287167|24.9094|2.35525860126
159|2019-09-28|4C71-07-20190928@204725-R_Astrodon_2018.fts|4C71-07|08 41 24.30|+70 53 42.0|130.35125|70.89500000000001|949.5547853236907|1112.5547005683811|R_Astrodon_2018|2458755.3663541665|180.0|21.6420272287|2.73455364704|34.6306|1.75004320624
160|2019-09-28|4C71-07-20190928@205050-R_Astrodon_2018.fts|4C71-07|08 41 24.30|+70 53 42.0|130.35125|70.89500000000001|948.769140124182|1112.201419358357|R_Astrodon_2018|2458755.3686342593|180.0|21.6228878307|2.65076292753|34.8605|1.74001976603
161|2019-09-28|OJ248-20190928@201816-R_Astrodon_2018.fts|OJ248|08 30 52.10|+24 11 00.0|127.71708333333332|24.183333333333334|1025.4762256907234|1061.238487055494|R_Astrodon_2018|2458755.3461111113|180.0|21.0618989936|3.81610478163|40.0913|1.53646138655
162|2019-09-28|OJ248-20190928@202138-R_Astrodon_2018.fts|OJ248|08 30 52.10|+24 11 00.0|127.71708333333332|24.183333333333334|1024.5521418009819|1059.0395043800552|R_Astrodon_2018|2458755.3483564816|180.0|21.0642345072|3.51300821304|40.8171|1.5139934945
163|2019-09-28|OJ287-20190928@202500-R_Astrodon_2018.fts|OJ287|08 54 48.90|+20 06 31.0|133.70374999999999|20.108611111111113|1027.2892735315231|1039.6762464195|R_Astrodon_2018|2458755.3507060185|180.0|21.5835403546|3.24459507465|35.2608|1.70999838497
164|2019-09-28|OJ287-20190928@202815-R_Astrodon_2018.fts|OJ287|08 54 48.90|+20 06 31.0|133.70374999999999|20.108611111111113|1027.1353302714122|1036.899375989376|R_Astrodon_2018|2458755.352951389|180.0|21.595840467|2.9958308816|35.9959|1.67996834604
165|2019-09-28|OJ49-20190928@203213-R_Astrodon_2018.fts|OJ49|08 31 48.90|+04 29 39.0|127.95375|4.494166666666667|1033.6007028605138|1011.5776036828373|R_Astrodon_2018|2458755.355798611|180.0|21.1283261884|2.81390678883|36.7569|1.65065826549
166|2019-09-28|OJ49-20190928@203536-R_Astrodon_2018.fts|OJ49|08 31 48.90|+04 29 39.0|127.95375|4.494166666666667|1033.4362288894|1009.8347389398346|R_Astrodon_2018|2458755.3580671297|180.0|21.1561375611|2.83671126366|37.4894|1.62366285722
167|2019-09-28|PKS0735+17-20190928@201059-R_Astrodon_2018.fts|PKS0735+17|07 38 07.40|+17 42 19.0|114.53083333333332|17.705277777777777|1060.8796156822748|1068.8464527542394|R_Astrodon_2018|2458755.3410416665|180.0|21.5689825356|2.76571457386|48.9604|1.31546695674
168|2019-09-28|PKS0735+17-20190928@201422-R_Astrodon_2018.fts|PKS0735+17|07 38 07.40|+17 42 19.0|114.53083333333332|17.705277777777777|1059.4941526651867|1066.5731061717318|R_Astrodon_2018|2458755.3433101852|180.0|21.5839162661|2.79006557465|49.7115|1.30102477962
169|2019-09-28|S4_0954+65-20190928@205420-R_Astrodon_2018.fts|S4_0954+65|09 58 47.20|+65 33 55.0|149.69666666666666|65.56527777777778|992.5658638586918|1124.65706331961|R_Astrodon_2018|2458755.3710648147|180.0|20.9782021472|3.20102922916|30.355|1.96128771247
170|2019-09-28|S5_0716+71-20190928@204006-R_Astrodon_2018.fts|S5_0716+71|07 21 53.40|+71 20 36.0|110.47249999999998|71.34333333333333|915.5716504060211|1098.9148762901236|R_Astrodon_2018|2458755.361273148|180.0|21.6355220762|2.53569772243|38.7266|1.59284966331
171|2019-09-28|S5_0716+71-20190928@204329-R_Astrodon_2018.fts|S5_0716+71|07 21 53.40|+71 20 36.0|110.47249999999998|71.34333333333333|916.3321975504565|1099.4459374272917|R_Astrodon_2018|2458755.3635300924|180.0|21.6320724968|2.74448827505|38.8882|1.58729501342
